
> advent2020@1.0.0 day:13:c /Users/steveblack/Sites/advent-of-code-2021
> node build/day/13/c

tp.output
..............................#.............................
.............................###............................
............................#####...........................
...........................#######..........................
..........................#########.........................
.........................###########........................
........................#############.......................
.......................###############......................
......................#################.....................
.....................###################....................
....................#####################...................
...................#######################..................
..................#########################.................
.................###########################................
................#############################...............
...............###############################..............
..............#################################.............
............................................................
...........##.......###################.....................
..........#####......############################...........
.........##########.....##########################..........
........##############.......######################.........
.......##################.......#####################.......
......######################........##################......
.....###########################........###############.....
....###############################.........############....
...###################################.........##########...
..####################.............................########.
.##########............................................#####


94,12635
15,7476
348,2076
275,8469
332,2077
217,2199
268,8204
217,8540
391,5203
290,4482
332,8396
421,1953
338,1123
231,8245
384,8235
330,2287
154,2185
132,5194
336,8805
85,681
88,7362
167,1115
139,2071
457,6079
143,5193
90,2216
398,5202
418,9024
180,2071
398,921
476,5968
341,7999
161,2268
127,5194
451,2306
151,473
275,662
278,7327
332,2185
153,5197
399,2290
95,494
357,7284
83,698
278,671
339,2143
219,495
474,8913
17,2251
16,7832
107,5976
274,2232
320,7113
433,515
214,2330
261,2546
455,8241
380,2255
458,8329
273,8239
227,8427
82,433
376,5182
214,2531
456,5868
20,5145
391,494
348,404
276,642
70,8493
215,5312
345,8793
463,495
11,7047
90,493
334,6852
84,2208
278,5471
42,2205
344,8374
281,8924
165,6315
141,2413
153,6406
208,6039
315,8554
219,644
315,2781
458,6260
469,5132
155,4933
32,5125
260,2607
396,4999
337,6316
70,4476
343,2599
403,2803
88,6025
333,4865
455,436
85,2713
342,2508
126,5125
318,459
329,8946
275,436
344,4608
134,8242
142,4990
50,6384
68,4891
335,8920
104,3035
157,8930
276,2596
380,741
158,2208
214,6170
461,4700
292,2666
383,756
424,2071
414,2241
332,6266
11,516
200,5473
315,2303
274,5868
211,436
292,5199
269,5920
420,6212
313,8783
208,4970
337,6427
266,4870
272,2330
346,4955
322,4722
275,5335
342,402
347,5115
15,1052
321,5744
148,8930
103,1115
146,8948
280,2917
276,6370
73,7715
303,7950
176,5064
20,4840
404,5114
278,4868
151,7334
457,5239
414,4882
54,2612
389,6374
385,4475
413,2792
136,5192
166,8245
278,6039
381,4477
333,8378
337,5142
37,8924
356,4831
323,2506
444,4874
211,2765
109,3458
162,8480
99,5601
251,804
319,10403
343,5655
53,9155
259,9876
87,5450
325,4334
319,9695
326,430
284,9757
448,9915
90,10129
386,3227
106,9081
152,4466
156,9915
28,9913
398,9921
330,8676
346,5025
292,9439
408,9916
270,8899
378,5738
92,10188
343,5239
256,9033
259,9092
207,9471
306,2727
236,10170
381,9746
163,9071
357,3206
201,10182
308,6388
255,7531
386,1224
233,8312
398,5284
331,7923
218,6283
453,9909
393,4754
153,9909
448,9791
164,9759
383,7936
199,9443
99,9093
461,9065
391,11115
393,9638
318,925
135,1291
474,9033
57,4471
342,9646
144,11302
329,11049
335,10114
28,7090
25,9065
154,4929
268,11182
40,10216
29,4977
320,10234
85,10908
329,3068
309,3145
166,10722
393,5200
339,8356
284,11172
27,9909
390,8354
318,9080
336,10898
346,9095
218,8364
373,9035
17,9795
405,8436
212,9708
258,8914
126,1285
93,11314
416,9156
266,9913
458,9913
403,9911
347,11262
131,6153
386,8832
337,3206
409,9755
388,8810
388,9909
139,11176
318,9916
29,3199
159,9523
348,5017
249,9747
372,11192
447,11197
391,10251
346,6403
382,4760
396,4867
70,10297
207,9913
327,2680
143,10281
268,5235
469,2654
157,9856
349,9816
275,2516
157,9046
234,10284
278,9887
202,2077
292,8722
137,1772
314,3213
149,10254
164,5618
320,7302
311,11194
458,10900
224,10274
314,10295
161,8809
272,5993
323,9071
456,9909
261,10245
160,4969
435,6153
339,9043
346,9913
332,5930
355,9877
447,10909
22,4474
193,7954
278,9918
70,6385
274,6037
329,10966
103,9856
88,10293
84,10286
144,9552
167,7155
265,6375
357,5667
267,8923
405,11024
413,9921
164,3024
175,9205
29,2644
348,7362
152,6305
449,9683
97,9943
351,684
164,9916
406,9877
387,6371
414,8485
266,2542
89,8828
152,10994
159,9675
434,11012
93,7994
393,9919
222,10248
159,2618
263,3217
309,6326
422,8970
437,7404
215,7725
296,10655
399,9970
278,11151
335,5322
136,9081
241,3148
98,1788
463,2383
91,9725
31,9162
83,1843
359,5194
89,6166
90,4867
324,8917
470,3151
128,11192
288,6157
341,3787
448,8809
383,2071
418,9983
330,643
237,9870
389,8435
395,10852
275,9163
147,10252
252,10284
85,1662
341,10874
133,9876
153,7240
335,9913
337,6159
412,6219
398,5576
450,2206
387,10644
288,9201
270,10294
324,9948
153,9048
215,10268
402,9968
456,6135
51,2313
140,10302
275,6168
334,9346
200,4724
332,9865
402,9879
266,10246
160,9887
275,9162
131,11184
26,2483
56,10826
294,4464
342,9812
278,9289
137,10706
394,10685
184,15147
254,5180
292,12920
396,5833
342,9552
337,10268
88,10412
225,6195
29,8817
399,8645
336,12648
349,2012
154,9187
88,12609
411,10655
17,5244
93,6386
354,7404
275,6404
389,2322
156,8956
98,12883
437,10406
295,9205
277,12605
212,9321
406,11001
313,12623
396,892
337,6414
322,3885
22,9406
211,9558
85,12645
313,4945
475,7047
191,11192
151,10245
89,6406
445,12817
401,9739
30,12837
272,12850
88,9856
33,2527
385,2204
141,12855
154,8601
462,7155
292,12626
354,7954
91,12662
329,9758
97,3519
279,1600
229,6086
334,10490
39,3229
218,8956
409,9321
416,4476
137,12817
163,9972
335,12835
184,1047
353,10404
136,10463
34,12652
36,921
332,12662
17,11180
207,6146
9,12816
203,8654
405,8747
222,11173
172,12577
192,10705
164,12673
258,10411
126,12627
475,1296
144,12639
329,11029
380,3273
452,12552
376,7537
137,7058
336,2096
397,5905
309,9032
359,6212
34,10905
473,12619
269,10706
406,9743
129,10826
322,10837
343,5305
271,9873
188,12633
208,9289
328,8778
327,6162
17,8300
275,12593
106,3273
154,10293
332,9445
111,6390
156,8466
267,12531
398,1266
230,10298
147,6024
151,10962
278,2688
353,9876
332,3470
328,5296
16,12643
280,3247
213,9321
390,8810
399,3229
447,8738
178,2487
257,4939
214,9408
289,12813
158,6580
154,12662
330,9944
347,9864
347,12682
288,10404
133,2602
327,10946
454,3343
428,12631
400,12618
331,12613
471,7537
8,5965
223,12647
282,7760
400,12847
259,2540
164,3885
343,12827
10,1281
150,9430
140,6263
341,6642
136,10281
314,2135
83,12555
27,2802
155,12618
459,12556
216,5238
91,3113
141,1113
203,8959
261,2434
269,9438
400,2740
151,7242
444,12559
387,6648
13,9096
401,9856
457,3664
253,12816
154,3499
262,2712
276,8568
392,6313
407,12852
35,10268
323,10055
238,691
395,3004
194,12639
52,10656
97,8987
394,8830
128,8006
143,12564
397,3278
381,6383
339,3760
405,5723
160,8831
457,3067
143,2596
342,9909
438,6559
136,8726
276,12819
106,1941
279,4871
391,7752
401,6130
280,2541
143,9910
387,12816
273,9321
338,3205
319,8799
87,12826
11,7827
375,12683
146,12080
395,8814
347,2434
472,4696
273,2054
166,5245
194,9759
219,10405
353,12862
340,3158
220,1631
13,7832
433,6203
95,12824
324,1633
443,10657
343,10761
396,1066
388,3192
171,5060
320,11434
348,9274
102,8653
91,519
28,11285
208,6351
260,10403
396,9896
86,8323
158,9620
333,12371
401,9725
312,9982
233,5120
336,12818
25,11784
101,2431
356,2431
455,662
447,6620
137,2596
355,1590
409,8919
341,2322
78,2685
317,12633
213,9946
419,11193
228,8976
134,2500
400,9791
153,3214
48,6559
95,10251
314,6865
399,9053
219,7968
327,11407
335,1555
190,9691
332,2632
323,12817
214,8498
345,12372
475,11618
480,11675
34,9319
102,2311
313,12333
353,8795
93,4166
272,12220
90,8748
335,8922
154,4837
130,11781
453,12412
251,8484
257,6440
82,10993
25,5606
145,8022
46,9339
287,5119
485,12628
267,9315
255,7407
349,4657
93,6316
152,11816
70,10944
230,12865
11,5907
275,11420
80,9743
259,12386
278,12552
131,4117
153,5119
334,11840
397,12529
454,4665
153,9640
395,8314
211,10262
384,5181
145,3203
151,5445
352,6220
170,7955
347,4117
209,8835
22,3192
208,12639
266,12550
153,10072
373,5496
240,10287
161,12876
329,4939
321,8544
219,8587
334,12279
393,2525
211,9302
171,10298
234,10475
153,10006
194,2666
357,12212
275,11469
417,12875
448,8797
383,11685
90,10269
456,12700
334,9668
24,4126
138,12871
140,2497
373,11251
336,9967
357,12155
373,11252
342,4969
82,4222
154,11276
151,9725
207,8805
127,6092
338,4179
336,11778
350,11432
53,515
12,9033
267,495
289,6385
113,9922
143,10247
158,4148
377,12862
332,4179
90,11816
336,11887
395,5823
343,12085
142,5182
85,9856
458,3439
181,12088
159,12879
133,10472
389,9676
248,2611
455,3880
136,10472
88,11197
346,2594
139,10715
471,506
100,8987
454,11065
351,12262
384,12646
255,12816
113,2063
91,11726
76,5124
151,10793
274,9062
316,12399
260,11781
259,11316
10,8016
88,9416
280,4511
139,6446
28,5618
357,12747
151,5966
36,12441
471,6380
224,5135
147,8693
227,5481
210,2596
311,9871
333,8960
245,3148
38,9791
152,11031
271,5118
445,11419
331,11890
253,11852
251,1472
103,11176
442,5119
169,12566
284,6575
173,1045
475,516
327,7964
197,504
205,8808
452,9066
394,11151
259,6931
21,7764
84,6559
270,9186
141,12264
438,10040
406,2601
267,2415
204,3071
103,3582
165,1634
401,11049
208,10466
358,12443
123,4708
273,6037
198,12634
264,11478
343,5082
406,8833
338,12188
395,8750
460,10909
338,1119
149,8944
298,10292
88,12243
347,5552
354,9265
348,11676
281,12764
172,9265
355,632
215,9873
340,8948
169,12634
154,8396
339,12729
359,8910
226,5000
479,7166
281,4147
397,2829
330,9915
395,10002
319,12696
258,8016
272,8268
460,12875
33,8960
329,12850
341,1212
199,155
90,2810
150,11828
329,12816
468,4994
141,11142
138,6084
153,4805
335,7472
313,12813
159,9768
322,7362
281,11435
454,2102
343,9078
94,13388
253,8312
131,6390
288,2714
153,146
130,8482
106,6925
292,12562
145,10243
191,6087
362,12147
355,5134
335,13261
152,6037
91,11455
340,4990
325,6922
83,7394
347,4172
259,12643
175,7764
346,6585
474,12498
400,2511
416,10295
282,9759
162,10837
153,10298
208,9066
326,3313
434,10944
342,10002
391,9413
233,2487
318,9099
225,1587
285,4906
288,9920
389,5304
162,1659
384,8653
332,13281
287,11534
390,12200
389,1163
282,3071
337,1274
272,4990
403,698
202,9255
458,9044
333,9965
90,10435
415,1233
276,13256
40,13281
320,13115
335,3513
49,2964
132,9263
392,3174
219,13124
259,3457
253,12871
400,12887
150,5590
103,26
154,13285
99,9284
207,6866
275,5236
285,10666
351,12206
335,11845
355,12694
27,9626
463,405
267,13119
444,13153
317,10646
162,12096
216,13130
94,9533
231,12085
387,13124
398,10802
143,10276
471,9402
337,6673
85,9228
330,4155
195,10283
336,2710
322,5599
75,10460
446,13281
80,1308
416,8785
118,3151
199,9944
354,13173
26,9673
332,10242
88,5140
261,13956
279,5887
434,11907
330,1945
227,2197
334,10437
223,9214
151,1555
346,14083
463,2595
257,9446
287,13119
135,2122
341,6375
172,4945
335,9260
151,10684
375,12390
160,14122
266,648
77,7359
357,9867
356,2723
396,13142
208,12910
394,5180
79,13814
218,11493
265,10293
220,10246
330,9967
484,12751
106,5246
448,8447
163,10055
322,13294
411,10460
353,9877
342,9970
461,12905
39,10058
335,10684
96,10247
335,12834
335,13675
394,10245
163,5599
92,13753
136,10765
334,2342
152,12826
449,5048
210,11013
463,8475
336,8830
129,2003
130,2617
95,4127
448,13603
456,7957
158,10870
427,5368
277,10992
153,7720
417,2483
268,9453
406,14078
406,5918
79,14061
341,9942
264,12286
265,12823
455,12715
454,11546
274,6154
113,13295
469,9042
324,12096
214,4153
341,12735
129,6335
284,5530
350,10103
214,14018
68,10947
328,13300
376,12816
297,11003
476,10940
217,10294
225,4955
167,3679
218,6994
343,1030
341,9855
65,10411
337,2546
279,8439
206,10715
444,2962
329,13776
373,2063
258,13645
148,2707
326,433
353,14073
214,10058
168,499
107,9278
316,10837
406,8975
297,13834
84,13150
450,8226
139,13298
263,12553
130,11902
229,2676
471,2676
274,10982
450,10895
323,5019
416,8002
190,4765
95,5203
272,1307
271,2478
164,12201
77,8919
146,13720
336,13753
147,3223
418,11903
211,5236
206,4176
143,5232
107,13351
325,9202
74,13956
343,11434
131,8317
70,8002
307,12748
409,9314
341,10904
328,10087
321,13995
445,10245
355,13285
301,10290
332,6025
74,9984
282,10751
335,10454
45,504
397,8828
70,2181
456,2086
136,5241
276,9796
132,7821
177,2672
440,12321
273,10007
330,8208
389,6923
272,13972
272,7993
151,13717
150,8830
392,5240
407,9012
341,11839
460,6038
158,13605
253,10837
87,6003
276,11013
286,10033
454,7151
164,7362
464,6348
24,10284
50,3025
320,8724
148,4165
335,13617
88,7131
143,12850
278,12133
370,8787
213,5481
373,13227
200,10479
89,4159
267,405
152,13173
20,8985
319,7355
44,11194
258,12863
9,3574
339,14090
251,6874
385,10725
234,5074
87,9108
322,4944
222,12286
155,8995
333,8900
83,5447
409,14119
384,12163
401,13299
288,2240
390,10466
88,9865
339,2572
389,6642
83,7003
164,12215
98,9909
47,6695
351,13351
276,676
267,13723
357,7176
235,4715
395,6274
282,9763
401,1662
81,4959
151,5513
391,4127
398,6902
233,9266
450,12766
332,11413
157,13598
106,12815
318,2603
270,4152
91,10245
38,6549
463,5475
216,2552
457,10851
86,12552
144,9970
34,6069
15,9877
353,12756
394,13262
143,9250
279,12165
261,6387
335,7886
194,10412
131,13768
332,9770
297,13883
336,6528
270,10299
414,8961
395,10434
457,2874
448,1727
404,11324
386,10064
163,10091
429,12748
347,4096
376,6093
375,4165
149,14084
97,13842
396,253
107,12517
278,9909
322,2064
29,10058
329,3229
49,6566
95,10842
208,10271
162,2535
16,6457
38,9946
332,4826
377,10281
69,8783
332,6650
156,643
142,6070
206,4126
79,6191
328,8631
26,10250
196,6019
404,4222
464,9406
260,10105
407,13995
350,4880
279,9913
141,2776
146,1299
295,2313
374,2550
472,12863
30,8329
257,12874
134,10718
409,7999
381,8255
391,10003
104,12697
155,7813
279,11685
326,5596
461,10406
383,13658
161,10451
337,525
102,8806
64,6986
387,8926
141,8793
11,10883
22,9573
333,9909
91,649
137,692
462,4126
464,7032
319,8956
267,11023
173,4945
143,14051
324,14000
41,2544
476,5784
158,9879
377,11076
271,7029
76,12882
324,6277
254,7342
69,10887
145,4159
39,10909
218,11856
194,10040
156,9967
228,9032
389,8716
175,2244
29,10255
312,3267
139,13287
274,11124
453,12170
341,5114
375,2968
248,8787
146,10029
338,5320
34,2806
205,3471
279,6866
274,13126
209,3188
270,9080
296,12216
90,1795
156,11082
441,14001
333,10298
466,1305
82,5114
81,3490
418,1344
325,12276
112,10715
296,7587
255,5239
269,10294
109,13765
324,13296
328,2492
296,862
90,2043
273,5643
130,5127
354,12632
272,9188
37,10425
271,10869
413,935
327,2559
334,4868
468,9432
133,7401
314,5182
12,7954
139,8315
199,12759
404,649
392,12651
284,13788
143,13335
40,4176
72,5725
100,12827
323,10936
323,5867
362,8430
225,10245
328,1346
278,13687
357,9035
416,4465
340,13720
280,4176
264,2313
328,4004
223,3217
88,3945
407,6346
345,13881
414,13117
281,12763
457,10266
356,4470
246,11308
388,4210
124,4467
38,13631
347,13695
390,4510
155,12613
399,9355
283,10043
344,12576
409,13116
403,1843
180,11731
411,8003
398,1027
74,10842
162,11086
383,10284
215,8329
287,4876
194,12079
477,7046
396,13315
147,6665
335,4953
317,4953
216,6046
189,1646
15,11302
40,3525
268,6283
84,10292
256,12873
350,9939
313,5133
31,14036
472,10662
147,12626
399,9905
80,4996
311,13955
213,9963
140,14063
379,8971
312,12867
407,11142
196,1659
423,5068
153,12611
387,631
160,12756
197,3919
408,9282
458,7124
321,13116
271,2560
334,12652
394,7509
174,3267
291,10717
344,8987
146,74
158,14056
417,12333
469,1883
62,2071
149,13633
395,12233
109,7957
164,13294
281,8556
394,3282
381,10706
470,6563
153,8304
402,11919
273,6843
254,13648
342,11690
443,9884
157,13810
161,8747
113,3931
220,13727
56,8010
361,12871
350,10765
350,11497
149,6316
273,4073
198,10404
316,1706
201,671
339,10252
400,4999
277,4959
218,7154
192,9861
211,9745
448,5197
461,10658
398,13705
316,7955
28,649
395,10794
269,12905
43,9884
92,5180
278,10466
392,10472
343,11615
422,10410
276,9866
300,13770
385,13271
204,11079
139,11254
37,1551
91,14072
339,10003
380,14063
409,7359
397,6166
351,13236
446,2663
80,8979
389,10812
78,4153
399,5290
398,12296
341,5682
298,4953
459,9843
281,7042
23,13935
18,6396
151,10286
393,6746
144,9646
332,10802
219,10286
308,4708
336,9909
344,9910
259,10466
97,10904
401,12489
135,8965
86,12618
405,5205
378,6453
206,12817
99,855
142,12730
398,11179
276,9187
339,11115
194,8673
171,13283
335,473
345,13296
326,11710
393,8827
68,9216
190,5187
260,2726
347,10712
451,9913
285,7779
464,646
283,14079
69,4945
128,7108
346,9766
408,10245
336,11184
80,10032
284,2077
251,13168
34,2586
381,3263
446,8836
345,2622
36,9288
149,5200
174,11903
136,5193
381,10276
322,10295
438,9266
324,14324
310,5911
322,6642
219,4963
338,12651
388,1033
325,12876
274,1269
151,125
461,10294
221,3924
98,14446
18,10884
88,12884
152,7138
476,14004
387,2598
342,11148
461,5606
332,8707
98,9816
218,9936
281,5560
362,4467
475,11420
261,6015
154,3470
207,2679
143,5448
314,4945
459,9909
474,10298
281,3471
386,8374
216,12413
286,7033
260,12680
277,5198
396,10759
338,4164
108,12745
378,6738
311,11125
388,2713
464,10633
405,10729
28,2531
471,2061
163,6551
404,10869
83,2568
227,4051
393,12078
393,6078
320,9074
274,6363
255,5907
342,4056
197,8305
452,8712
459,10268
24,11545
11,10526
148,10091
339,5203
216,1033
173,11915
151,9223
135,4837
460,8948
190,6746
116,6571
288,11844
276,2751
451,3666
145,10874
135,10834
257,6086
401,6709
392,10854
452,2586
317,2544
278,6351
109,5481
445,5113
394,4207
379,10521
407,8240
215,13148
268,5905
281,12847
147,12824
142,12862
190,5786
381,10881
314,7102
409,5961
326,3071
351,12754
403,9043
164,8953
292,12692
267,644
233,3447
229,9096
76,4956
73,14423
100,13750
350,11125
103,11726
204,4031
111,11797
253,9920
435,11846
266,9385
206,2917
389,7064
351,11316
205,5916
455,5208
233,12871
354,1299
334,10281
149,14351
400,4984
91,2175
199,6044
470,10297
222,7638
440,9939
26,6393
139,12686
470,9093
245,9988
405,3490
90,4999
404,4990
276,9103
347,10715
342,8236
33,12078
357,12152
402,5212
280,12686
128,8250
406,8797
274,12603
354,6158
395,1712
227,4706
95,9025
466,5110
156,13132
72,10479
458,11919
442,8433
339,12527
320,3924
386,2555
184,87
466,3445
133,1236
106,4880
350,14006
94,8552
476,6694
333,4159
18,1366
349,4473
268,9066
170,14432
463,12706
343,10150
279,14252
100,3992
286,11085
342,4126
154,13173
328,12746
417,5365
161,10058
454,6255
27,11115
325,3519
162,10219
17,4515
455,14696
334,5506
6,8967
391,12866
32,14078
429,10887
402,9127
323,5599
345,10302
89,10298
391,2073
453,3964
331,7308
156,2287
277,8991
82,14084
271,8312
11,8311
357,13355
149,14056
334,12894
276,7106
153,7940
137,2378
75,10225
128,4166
397,10866
214,4489
271,10106
392,14694
106,9992
129,5675
216,10118
23,13119
219,10215
336,14346
462,10132
396,13989
338,12566
90,6786
393,11558
342,11065
15,14492
440,9339
171,4940
268,2256
344,10270
47,1659
396,6940
328,13150
393,10254
449,13119
214,10869
342,3192
143,9670
219,14451
387,14028
329,8988
355,12873
393,11192
265,13354
202,3130
275,12357
162,6552
208,10132
280,7991
161,14291
152,9666
482,4892
326,11324
52,10822
355,2073
142,3227
470,6457
451,14466
463,3343
397,12545
430,12628
383,2474
157,12605
474,5060
407,12885
17,986
323,9972
270,4132
136,4886
452,4762
89,12529
465,13354
162,11196
232,12815
471,14067
88,14061
343,1309
333,5449
136,11125
325,6549
322,12793
169,10115
213,4940
399,4075
348,1958
470,5061
142,10883
438,13115
340,9651
154,4826
278,10778
472,10478
277,3188
39,609
387,14503
105,8300
49,13595
417,8783
31,8954
145,11867
262,14594
384,10520
75,1115
91,9845
396,8418
420,7652
232,14004
321,8479
291,13943
88,12745
22,9042
246,14067
32,3812
342,14268
101,13154
241,8548
204,8953
94,10153
321,6439
167,8305
241,12628
143,8919
463,9852
327,7394
173,10942
348,7955
152,3542
273,4014
326,14262
224,8805
451,6400
161,8802
394,10188
93,11919
346,14360
335,8941
129,9507
336,4483
319,7359
383,8306
274,10718
330,4836
113,7043
445,5176
469,4178
276,5125
214,12338
267,14714
217,11358
162,7956
153,12903
332,10083
404,10218
337,2478
98,4873
11,3938
284,12816
380,11919
88,9042
266,5471
341,9947
129,12563
454,12819
224,8472
395,12074
455,8954
107,684
454,9796
140,282
286,9492
207,7243
109,11432
102,12883
76,10722
334,12676
1,10708
131,8974
137,10826
331,7012
5,11248
323,13547
407,7511
14,12872
416,6385
313,10887
167,7523
395,9913
395,3204
470,10105
208,8799
200,11565
324,12823
274,8945
190,9984
260,7941
81,6556
341,5254
68,4223
389,9943
90,13964
164,9972
279,8805
406,5530
228,8361
124,13231
328,14407
80,6379
343,2592
438,2197
138,14603
266,646
386,14664
329,7090
240,10770
335,6123
388,9816
170,8672
147,13215
113,6083
100,13964
27,12803
473,7832
144,12816
450,9935
213,8827
399,8778
86,8676
16,13177
385,5601
274,13660
89,6282
258,8302
141,5601
217,3686
376,3981
399,10803
438,14316
421,10825
74,10520
281,10871
398,8468
354,9933
398,2553
400,500
341,11925
320,12856
273,4611
253,8918
169,3338
157,3229
461,5920
326,4880
167,4643
459,11314
466,10275
310,10294
90,8418
68,13822
316,6752
308,10826
444,2002
276,14682
11,9698
331,10145
451,6546
139,5014
207,3673
336,11828
332,10928
319,10225
135,5127
352,13900
144,9228
298,12633
95,7360
268,10132
95,14092
260,687
84,13940
94,14694
349,8372
190,12445
285,10182
349,4963
88,10143
77,8541
165,319
162,8952
72,7525
348,3800
336,9340
312,10467
238,14667
397,5594
320,10275
13,11557
374,5368
24,1644
395,12662
207,5631
458,9740
471,12818
326,8831
212,6361
67,11125
140,14656
88,8977
276,11065
95,8948
154,235
140,6403
213,4014
416,5061
345,8963
334,5469
345,2431
395,6536
264,11913
229,12619
334,6012
80,5135
455,2234
396,10144
164,3999
92,3670
86,5534
383,4182
360,14131
347,11366
218,9453
465,3924
275,8403
144,12166
328,4488
261,13996
162,11028
172,11617
68,10113
301,10231
226,14137
389,5072
270,12699
403,1628
340,8976
258,5192
41,10182
274,2028
271,13148
478,8792
158,8805
317,12515
332,10491
238,8787
312,574
376,2018
344,4966
92,11018
362,9091
251,13886
152,10129
349,4460
343,10276
62,1351
41,12814
270,10233
151,14224
272,2738
408,4639
164,10295
346,10545
401,14287
333,10006
153,2229
72,10837
289,11439
45,5133
400,8676
278,3999
84,1418
311,13166
216,9708
148,3205
350,7701
69,7593
169,2843
154,6013
77,6044
31,9500
23,6555
153,4028
268,524
151,4923
19,5137
419,9875
136,9263
35,14386
159,5683
317,12743
189,13883
194,12635
357,4051
460,10668
336,5109
220,10488
278,2591
474,7954
327,10716
156,1945
377,6336
440,4779
357,394
439,3202
354,12860
98,12789
337,5554
375,3208
322,6574
147,2143
358,9028
138,4003
337,914
144,402
393,12880
357,8723
316,12512
80,9081
159,12156
155,12186
353,5136
422,6690
338,14239
438,4959
206,14437
93,7279
336,10212
267,10693
446,2735
36,8563
143,10211
347,11012
274,3007
265,14314
264,8977
79,12885
149,11810
398,10143
343,3924
406,1659
417,14545
449,10971
336,4207
343,9206
382,2661
261,6756
450,10521
351,12517
81,4907
354,5902
140,13356
202,12757
165,6037
324,7040
190,10463
253,3447
284,10210
434,5667
226,2678
170,14675
167,14243
345,8924
266,12816
298,2725
187,4947
381,5612
271,6414
333,1772
26,5472
213,10935
424,11307
320,11604
327,4967
20,3493
408,7996
10,11736
450,8016
456,1988
337,8685
438,8722
184,2727
385,13296
199,13118
460,11812
162,9108
326,1812
313,10294
346,8303
200,9553
139,9923
388,14229
168,2562
211,7495
133,277
136,4880
80,2890
257,5912
373,5003
379,9274
403,7131
322,10245
157,8803
331,9763
438,9932
151,10454
328,8500
383,13831
52,5667
237,10834
331,9053
389,9522
395,13815
259,14554
36,7342
135,3992
68,3454
328,8799
138,2234
403,14322
167,12639
153,1749
313,11123
140,1275
391,5660
451,7038
113,4883
159,7343
406,3157
467,8301
211,3961
471,4056
30,1318
406,12371
149,2566
331,10253
399,7545
338,10294
347,1182
15,11722
362,14190
223,12864
341,3973
87,9005
456,2521
382,14600
260,4114
464,10480
315,1644
332,12817
350,10112
382,11795
272,4153
401,11797
250,10295
79,10296
201,8323
132,11914
160,6190
207,8439
261,2654
255,8841
336,10875
456,11124
259,2061
273,11643
275,8342
327,14683
222,5007
341,14195
224,9935
391,10511
277,14078
273,10418
312,9984
92,14705
97,8435
261,10843
355,6390
395,6364
231,10526
474,6700
470,8901
449,9711
276,8676
399,10188
84,9765
335,12291
380,5366
329,14598
151,13996
31,4907
227,8978
212,8767
317,8974
435,9927
345,7845
144,9769
212,8949
28,7124
390,9880
338,7045
327,6079
219,12763
337,10244
462,4867
337,12880
141,4475
316,12325
314,10297
400,4129
337,12527
316,14674
332,2945
216,12788
312,5376
332,11028
131,7475
261,12272
102,12646
335,14211
77,11324
356,12871
155,6348
127,6212
468,14566
149,12078
158,7990
270,11593
145,10104
82,14709
324,3682
326,4942
282,8319
331,14028
339,4063
341,10843
155,12767
255,7778
354,10223
351,3992
91,12074
355,2485
200,11085
166,5083
222,4646
166,13115
398,9042
151,14211
173,6325
404,2562
143,3273
422,6986
362,11068
213,11643
400,399
87,10803
216,13832
77,2835
83,8647
393,7994
206,3247
469,5244
152,9067
329,8440
31,5645
387,10992
316,11198
355,9510
408,14173
311,8005
375,4887
350,10895
463,13903
141,6565
23,13155
214,3439
270,11254
157,9559
330,10732
471,13161
34,6471
398,9865
286,9674
476,14077
227,13297
313,10942
83,12372
384,4966
74,6259
407,2506
356,2302
154,12884
339,13763
255,12085
167,8003
329,9046
327,9196
269,11358
22,10908
398,12141
152,12776
407,6191
29,10119
445,10182
21,2004
321,6082
393,14211
80,10245
274,2613
226,4114
144,2719
397,9453
29,11753
77,7999
106,8303
264,6381
158,12866
330,5534
164,11255
40,10902
315,5073
406,10223
164,6642
90,10437
208,13508
90,12305
451,12770
331,6704
156,10938
139,5074
82,10869
99,14121
478,6803
212,4195
318,8481
240,5007
152,2757
409,2082
394,3530
147,13992
291,10283
348,10234
89,1512
154,14133
267,10002
471,11901
143,14234
273,4794
33,1155
276,13172
210,11065
9,11843
309,10465
145,7366
343,13945
76,8724
308,13290
100,6371
375,5134
135,8917
345,1244
333,5104
136,14677
24,9066
341,8022
159,9711
327,2871
272,11285
362,6571
332,2426
271,10967
403,4147
274,9034
148,14108
397,4159
214,12850
348,13124
280,5486
17,10891
324,1690
291,9339
221,2004
470,10403
57,10887
346,10966
270,9908
142,5147
368,8370
29,10694
194,4882
413,12392
439,10283
111,3208
146,14000
32,11065
375,6153
268,11915
334,12653
396,3416
331,10925
471,9042
347,2060
380,2313
323,12878
344,12214
225,10116
152,12279
275,13317
149,14211
158,3674
32,4665
112,2550
100,10750
335,10267
148,12143
442,12685
196,9859
170,7525
453,10492
390,14059
189,11243
352,9036
348,6518
415,13283
140,10545
84,14012
346,14265
412,10221
272,12782
401,12770
343,14049
167,4639
334,10144
213,12887
358,8006
469,8300
470,10520
136,10112
323,12647
329,8268
154,7922
265,2853
284,8836
387,1213
324,2712
143,10953
395,14072
203,2300
101,14245
327,5683
270,1526
261,10523
163,10186
216,7966
267,13903
401,14677
25,5590
396,10145
314,6926
259,2426
211,6404
72,4882
321,10185
231,5907
470,12680
385,4965
269,2614
395,3314
280,11806
209,10868
233,10280
275,8954
407,1544
456,10262
99,14234
406,13296
328,12159
334,11265
397,860
146,9651
31,12715
402,10295
152,6049
324,9370
356,12808
468,6312
42,13153
334,3314
56,7286
274,8949
260,2678
156,4155
341,10482
391,12886
329,14588
395,8920
91,5445
351,2915
314,10413
141,3673
148,7045
407,1151
272,12338
358,8603
403,7490
423,10290
340,1299
280,2592
157,8832
88,621
323,10214
458,14163
335,10484
374,12323
305,12088
330,436
216,11226
272,7136
417,12086
338,9730
476,11074
227,10466
162,9922
346,9694
256,10298
140,2423
315,14484
156,13149
227,2540
199,7835
386,10270
154,10532
153,10894
347,5484
109,8484
84,4004
149,12639
332,10513
450,770
320,12882
334,1789
399,10445
258,6566
469,10892
42,13356
150,10873
363,14490
64,14666
13,3096
48,14316
271,7046
106,3085
175,5071
313,14545
28,14599
327,9523
273,5584
171,14484
399,965
157,10865
261,10403
275,8753
384,10274
75,742
92,3471
333,4805
387,14121
279,11645
345,10725
335,10524
451,12313
264,10248
245,6810
210,5125
258,14246
266,4164
259,277
279,8000
260,12632
88,2749
338,10118
292,8361
263,12647
159,6643
267,10275
281,10251
349,14666
362,3388
277,4925
259,11901
32,14716
326,10218
32,10431
346,10302
350,14063
446,10958
36,10247
41,9976
277,649
210,11061
282,9946
275,9002
390,6379
340,14228
348,9196
28,10142
279,6078
399,10253
319,13756
396,3732
416,3095
139,4172
454,14082
337,10216
90,9666
92,11887
373,11307
339,13344
149,9199
230,5498
264,7638
104,3996
321,9755
282,14235
353,4647
386,12827
201,4635
275,12887
17,13954
327,11436
250,10893
442,636
278,14326
457,5300
164,2615
383,10114
68,5371
337,14465
73,6743
332,12882
387,2808
83,9907
322,14259
145,6515
332,14665
397,6397
271,1873
469,6504
413,7715
397,10667
150,12912
224,8922
270,12875
443,10239
215,8906
399,12494
220,8314
332,7915
394,14230
408,3024
144,5546
329,13810
280,7367
276,4996
336,10959
419,9083
88,2077
275,4969
26,12699
340,520
357,9507
138,1351
95,13487
332,10233
326,9794
464,10930
278,12650
268,7728
38,9435
85,12850
77,9397
216,9320
140,5206
376,7821
88,5514
285,9706
254,14616
100,2555
88,13182
95,4847
263,12141
275,9957
379,12517
152,11626
36,10895
386,5294
130,12323
466,11913
385,4216
332,2474
350,1941
149,10268
328,14719
481,11248
279,11353
206,5486
223,3346
321,9043
288,10765
355,11797
312,5371
413,12215
207,7805
384,8806
256,9025
451,10896
352,14963
254,14077
270,10272
350,1353
411,4955
135,9033
224,4994
381,2557
110,5135
337,13996
331,14290
216,12679
335,14724
26,11812
392,12635
160,3071
73,5437
411,10403
267,1646
454,3812
313,6385
103,10286
339,12866
28,5147
311,2786
151,3284
256,12684
339,864
323,3099
82,1759
10,14796
398,4010
357,14964
259,9816
72,4879
26,10838
403,2568
270,7966
369,2546
342,2569
330,13664
285,8955
453,2753
414,10526
452,10148
332,12516
413,8615
100,8832
145,9942
335,3903
377,7957
253,11195
102,12886
261,3500
332,3427
113,11016
324,10837
441,504
144,2569
391,5107
332,11690
465,4758
375,2073
320,8245
138,10242
131,12560
393,2691
342,13226
205,14091
469,13996
284,9255
342,14988
130,9751
284,6103
282,12890
398,13203
154,5242
226,10405
212,14277
389,6162
153,1357
222,9993
328,8805
443,6817
341,4515
286,5473
93,6078
37,10971
455,4969
206,4610
403,5647
224,10403
70,8973
129,267
216,10240
33,10865
475,3938
138,2558
335,9392
389,14322
324,11242
254,8614
387,12550
275,12127
330,10900
104,12871
266,7993
140,8836
343,10281
214,13972
403,12372
414,2366
399,5450
257,12200
106,741
443,11555
411,7999
197,7599
332,6235
424,13287
92,12075
379,9925
195,8316
387,10276
76,7996
98,13570
77,8479
458,12827
62,11731
342,7966
314,11617
345,12313
388,12850
376,4657
38,1727
452,12772
99,6432
468,1366
32,8568
225,13036
37,12883
317,11015
387,14234
103,616
92,5928
231,7531
420,26
410,2433
310,10106
108,2380
413,2725
231,4832
42,3465
175,5487
271,555
153,4793
201,15014
407,1297
201,11412
48,6636
277,9828
349,13940
280,4610
403,10892
266,4488
353,6336
51,3512
113,5615
154,8223
296,14136
274,12676
396,10129
172,10413
320,5295
280,10521
395,649
284,11182
160,8954
40,7118
30,10726
401,5207
279,11692
309,6273
379,7832
235,13168
322,10636
79,7847
439,12802
344,11024
270,6459
342,10283
449,12609
467,4224
22,5952
88,8468
317,5243
165,4843
268,14835
43,9523
338,2358
140,8303
399,12816
342,9770
186,2548
395,9845
357,12267
388,2542
200,7033
227,6506
72,2366
456,10726
139,14732
71,2303
134,14965
320,2476
173,6142
373,15027
404,1759
81,9635
405,12828
18,6312
389,10215
107,12873
217,279
129,12747
26,10272
30,7372
157,6997
332,8223
335,10886
386,4054
92,1660
415,10881
259,12572
101,2062
383,11012
108,7283
27,14108
281,8808
133,8484
286,5325
350,4521
274,12548
348,6151
157,10659
395,5112
325,5203
406,9081
460,14090
160,8329
145,8843
15,8842
154,9345
27,10268
213,6861
390,3515
401,9792
19,10066
444,13125
94,8019
471,13297
42,12559
223,9871
93,10244
234,5127
104,11924
456,13126
93,11558
312,9987
155,5120
392,6428
276,12607
287,636
443,13724
170,15033
137,4963
32,12296
473,9096
332,13185
330,13807
359,9146
252,5074
155,7012
286,10479
328,11919
93,11004
92,4207
341,2555
345,1113
153,10122
404,1096
131,2798
315,4940
391,12788
189,6564
345,12945
445,14715
100,12131
276,5347
135,14067
26,12640
386,13966
80,9877
343,9670
335,10405
236,3995
178,6327
270,4595
450,4687
326,12287
338,6313
20,1570
467,5137
329,12605
219,10244
271,14800
22,10488
25,5588
50,6503
162,9339
272,12827
452,6069
341,3433
351,7717
140,9991
154,11762
478,9443
399,10450
385,14982
255,98
472,4462
88,14163
456,2601
95,5107
28,9408
383,10725
313,3443
154,2406
153,2442
471,12811
108,13833
375,7285
335,1362
29,2471
345,4485
325,3228
154,13946
118,5308
91,632
398,14437
349,10885
355,9934
334,6291
453,2946
350,10175
270,12679
357,5125
90,7815
154,6235
152,14532
354,6338
265,13158
259,6936
169,12322
80,13296
282,2563
343,5505
278,4482
155,2989
139,14900
279,4153
327,7106
281,8887
391,4516
24,48
475,6921
97,6882
396,8748
269,3686
455,5132
30,12676
434,4702
44,11844
382,3996
128,10595
289,3199
174,10174
160,2026
166,12076
283,13033
347,10226
348,10284
173,12813
159,3915
446,8976
337,7388
169,4835
254,2308
201,3939
68,13056
231,3740
382,6327
427,9990
275,10226
30,13126
143,5505
155,10853
89,9764
152,10087
389,12164
308,6327
205,2594
218,9075
334,9176
379,2244
333,7826
259,8484
386,7154
324,14557
325,639
197,12159
135,13760
246,12268
333,2392
400,4836
391,6410
355,3924
141,14114
264,10127
136,13099
414,1237
185,10290
316,2846
93,2546
207,2588
331,9108
151,6544
92,12076
468,5926
408,12436
34,4868
162,13717
272,14709
316,9445
477,14134
215,7046
149,10526
262,10274
211,5858
157,13991
36,2206
395,14633
368,8848
353,10711
335,10203
333,40
19,13167
353,3926
267,2553
281,14722
392,9443
338,9786
220,634
388,14803
218,13102
275,12081
379,5976
235,11914
253,5120
410,7996
401,6997
154,4845
270,12370
389,13842
395,10286
210,2331
343,5077
341,10403
344,12646
284,10212
342,9468
330,8024
296,9984
338,1480
36,8016
474,8242
464,4153
169,14675
325,4959
327,3915
379,8965
331,4833
334,5626
463,10233
476,742
302,2727
35,10725
148,4164
284,2557
9,5426
228,13645
213,13161
461,12759
404,12796
10,2854
400,2574
344,9993
40,13103
165,7999
401,9292
160,10422
82,13244
170,9682
316,15033
271,4083
326,14122
241,9028
251,8962
103,14247
98,2953
332,9282
162,9370
85,4866
155,13068
168,8481
383,5593
130,12871
328,10295
33,3964
352,8242
215,4489
29,6541
159,14138
252,9393
134,8620
265,10032
209,12046
48,4959
15,8956
205,1371
300,4948
99,6371
375,10648
329,12678
343,10155
344,12131
344,14834
230,11258
93,11208
99,13343
275,3889
357,13176
219,9668
234,4765
37,5439
379,10165
158,4807
342,10424
346,5084
296,6816
351,13107
336,12788
341,4933
349,10706
469,2546
21,2200
257,14437
265,4487
216,203
397,10945
217,6463
108,5193
327,9890
208,2591
152,5493
220,6073
151,4488
330,12306
331,5146
71,11675
320,12316
452,7494
150,13753
374,10403
350,4581
378,395
398,3945
256,11258
31,13015
357,3274
102,2326
133,6806
471,12572
338,13308
456,5538
353,8484
437,9443
464,6073
327,10955
202,11182
153,8804
333,10866
401,172
335,9663
400,1780
368,11250
337,5200
210,11077
285,671
210,3973
452,10242
19,12012
159,9279
273,8644
91,1284
202,6095
9,8312
99,1307
263,5292
314,8962
158,7936
97,10235
323,11687
226,8901
334,2464
357,10826
282,10272
201,5979
317,35
334,6189
339,8473
17,2565
82,2353
467,5265
20,10248
324,10219
67,2244
299,2488
75,7355
162,9081
438,4882
111,12683
28,14163
395,6544
344,7067
454,2682
152,835
75,5442
126,13113
162,10238
85,4992
451,2588
316,12396
333,2813
412,10520
215,14803
15,3986
76,14982
76,5245
259,13297
233,1598
1,14010
216,10272
105,10220
348,314
35,9471
141,13881
454,7413
279,9473
140,14806
292,10403
458,6314
327,4223
279,7358
358,8250
74,8678
29,3067
132,10223
334,7138
259,9321
163,6344
388,12166
461,1969
203,8242
80,9312
392,14725
216,5572
151,10964
195,12503
277,9972
220,9285
222,8985
355,4887
342,3668
320,12564
396,12548
385,8963
363,14188
139,6444
295,13111
65,9633
224,14116
95,2073
173,3207
456,1318
273,9872
27,4044
385,10871
323,10296
403,11708
133,11432
359,5133
324,9108
373,8011
448,2111
393,8832
293,12205
274,7323
2,5548
84,5212
324,2206
215,1873
271,10046
142,5365
89,8960
255,3987
451,13311
436,7941
82,7999
270,14686
96,11843
227,11012
205,10412
322,14559
398,12884
228,8845
335,13125
271,14803
216,4595
266,13727
354,10893
477,4163
230,8242
104,3682
224,15023
52,91
367,14490
458,6860
399,14148
159,10946
454,3642
111,13285
451,10878
475,12085
375,1294
159,7490
292,3561
395,12386
403,14088
388,9468
463,3453
88,1579
172,14722
419,393
317,13117
67,13166
145,11839
398,12745
27,400
156,9544
447,12082
417,6142
328,10551
354,5182
391,10252
205,5560
464,4474
52,11907
272,12279
330,12887
58,9928
355,11184
37,13119
337,13373
149,11830
251,2553
470,10405
468,9046
170,7833
266,5112
390,12875
174,11134
343,8919
435,9205
399,1330
332,10293
248,14667
272,5618
459,7725
261,8854
273,12291
347,13298
172,8973
341,12792
113,14964
17,13182
111,9993
201,7779
250,11675
250,13773
452,2706
99,6335
155,7915
276,9733
107,8965
273,399
99,6108
54,5066
408,11473
173,10413
166,11005
380,5241
448,6889
275,10196
377,5672
344,3883
385,8496
466,6872
41,10224
328,4148
480,5063
151,7002
392,12744
438,11797
37,7042
329,13598
218,5186
333,146
333,5197
285,6403
452,6967
332,10795
378,7283
42,9934
153,9558
194,14365
340,10274
110,5182
149,11919
270,8926
225,626
103,14742
264,10247
83,10298
132,11132
112,11073
43,10239
269,3026
348,6084
143,2599
460,9673
256,12992
275,10244
335,5966
472,6326
321,9883
17,4178
103,3673
235,2553
332,13156
254,1710
11,1296
144,4126
253,10235
397,10254
153,7532
158,9968
213,10058
62,4051
330,14858
305,3270
187,2731
398,8875
85,6997
347,7936
218,10896
160,12287
395,9475
392,10153
343,13959
35,10546
259,14852
398,3062
87,12065
342,5253
86,8673
143,10278
159,188
223,5121
337,11922
287,11555
353,12566
335,8024
402,10388
49,4952
299,2731
283,8242
350,14677
235,3444
392,9650
347,13182
274,8767
206,12752
403,8015
139,10407
329,8930
264,6872
169,5243
369,10167
282,7843
159,3951
127,12145
333,5119
389,12885
205,2595
348,11182
250,3683
413,14675
148,1119
334,6049
406,3983
131,14245
455,14922
16,7941
274,9204
386,10221
416,4952
72,8961
265,14743
291,8316
458,7090
324,8256
261,14738
84,10216
102,12705
324,11796
166,10235
257,6262
268,7154
329,1548
404,14084
467,12972
314,12145
14,9039
160,9794
455,13736
326,7999
373,6083
152,6284
228,2606
167,2662
40,10958
459,14800
274,14275
347,14176
394,5170
441,1396
380,5427
16,4101
214,13820
265,10247
329,14770
270,4043
260,14661
32,3973
469,12147
102,12861
129,3275
351,6393
251,8731
434,5062
373,4051
275,3231
382,11362
464,9042
170,11198
463,5707
479,11006
414,10237
327,15026
313,3273
166,2243
418,10947
140,9080
375,8968
319,7999
324,7161
398,7362
277,8000
280,6643
130,4831
129,6507
216,5064
157,1548
282,8720
389,5836
334,7154
95,2572
332,10312
281,11631
97,10303
136,3499
333,10957
477,12816
402,12746
323,10091
347,2675
190,862
329,7805
205,10871
157,760
42,12814
280,4761
154,11859
34,1386
235,4165
219,4665
410,4956
31,14922
110,10288
385,10302
383,7052
454,8676
233,7043
335,7033
137,8803
446,2267
460,9265
390,12080
159,7964
471,2540
389,10303
173,5432
99,5183
110,9020
456,2558
452,10905
342,11922
289,3919
216,11593
31,7105
104,7996
131,9205
155,10253
404,10242
41,5134
403,4223
277,4516
155,5146
316,4165
335,10245
103,7052
162,7246
471,10220
212,2572
266,13632
106,14617
402,12159
288,3202
324,6370
327,12092
313,12633
401,9727
336,9776
149,10886
403,15023
346,2497
101,10883
245,6330
413,10103
254,5968
461,5928
172,14782
73,13526
386,6194
214,7024
327,11330
78,13298
99,6438
327,14796
324,8859
257,9096
257,4954
471,9877
36,7007
320,10156
22,4153
211,11928
449,8316
91,10315
87,2290
398,4837
250,3995
157,11799
101,10111
296,932
330,13039
315,14125
345,1477
471,8852
279,11393
442,2240
223,12972
211,2355
104,6327
388,12265
256,5498
220,9385
123,10348
147,9413
319,10719
139,5540
329,8865
345,1283
322,5904
403,10716
324,6552
456,8995
169,6743
219,9009
202,13295
406,4996
21,8771
335,8994
34,7748
271,9198
274,2558
357,3931
31,14102
454,8988
15,9042
129,7947
57,12748
269,12744
95,2472
219,12862
380,9931
336,10243
460,10250
111,8974
259,5482
161,5203
422,10826
383,10712
378,10458
104,10242
402,9675
308,6986
219,10720
95,7184
205,8271
314,3143
151,6830
445,12800
409,12381
348,5124
275,10856
252,5127
359,9747
402,10216
327,12636
451,10515
271,6160
186,12810
177,10465
31,10451
267,13809
412,8673
382,13400
376,5180
314,6385
225,2595
69,12873
325,14422
452,13807
473,7717
218,5905
439,14557
138,3035
141,14737
322,1873
154,8875
52,10944
288,9924
388,12883
463,9883
324,9339
151,10886
236,12868
174,14782
339,8544
88,11413
373,10475
149,4969
341,6862
348,11836
211,8954
455,10856
318,12796
17,8864
396,13149
327,9043
322,12334
207,11685
282,5567
213,13304
26,10909
101,13271
72,8485
408,8779
343,2596
342,12816
408,4153
80,3983
342,13392
183,1528
247,12870
151,6314
455,5645
398,6316
224,625
383,5014
454,6370
449,2571
213,14799
352,10165
397,10298
211,12842
162,6499
29,5993
383,3992
15,866
296,5184
255,3938
174,14784
338,8552
349,2378
138,11795
347,9818
212,4868
465,7764
216,12370
319,8116
346,8955
376,3982
227,12266
155,10308
164,3143
131,632
211,8287
207,10359
102,14952
154,6465
169,8974
34,4762
83,3275
289,4959
274,12153
358,3395
335,13766
349,12332
408,5442
30,2558
445,1273
297,11243
457,8239
279,10487
361,9932
142,13184
283,5439
352,10821
335,8356
444,10033
251,4644
274,11025
329,3349
135,13107
316,10281
212,12056
343,11080
346,14952
430,2730
337,2566
262,10214
309,10166
155,14033
257,5431
159,8923
230,10419
147,14864
163,6313
346,10243
152,5213
33,2753
459,12803
215,14800
330,4872
87,10878
320,2243
225,13182
332,11762
157,12607
337,1115
147,8946
376,10178
147,8984
327,8252
88,4946
103,11012
318,4833
163,5867
272,768
77,9276
74,8600
175,2192
14,10662
389,2555
387,1307
464,4878
201,2556
204,10836
332,6483
51,4166
45,14001
230,8658
28,8950
160,10875
395,9725
306,2071
89,9681
162,12517
456,8998
403,13270
213,9483
335,125
184,3927
206,10671
324,5916
337,3548
262,10403
80,10223
103,9392
320,11005
330,2209
462,6292
322,8784
207,10816
164,8205
34,10990
322,12732
398,6108
475,14842
350,10953
278,14687
255,9936
284,9743
37,13807
396,493
475,10526
326,14563
471,11722
476,14796
103,5544
322,3999
139,9343
66,7706
410,10124
316,6686
215,11810
133,8256
102,14806
453,6490
156,12679
149,13119
393,2574
334,12305
312,5374
357,13896
452,13687
268,14834
444,3465
390,10247
449,13523
68,3455
414,8964
158,4479
377,14073
398,10116
266,9887
144,4489
445,14083
155,8351
363,10650
335,5635
381,5258
469,5003
217,8895
255,12681
150,12818
285,3939
140,2438
458,4990
81,13547
20,12286
94,2707
347,2442
412,10116
326,2736
169,8615
462,9066
158,12159
470,4953
475,8437
110,14059
397,5570
145,9522
356,3936
129,9096
162,13162
111,10164
452,13508
405,10153
477,6382
86,3614
134,10660
76,1353
219,14953
436,7417
351,14539
328,2420
4,2611
286,3465
313,10225
454,12296
377,8552
20,5083
330,11835
327,12757
355,6504
402,9765
405,2086
334,10892
268,7465
81,11328
151,8024
484,10351
152,11412
463,3436
327,8923
196,4482
375,9993
149,10216
327,12763
453,8991
225,5142
357,10232
256,14779
405,11868
208,10156
428,2248
401,10366
296,11907
175,325
345,10274
281,4933
203,13067
91,10002
154,3115
370,8550
337,9199
208,8333
396,13964
452,8956
218,14834
311,2192
206,8271
382,8857
109,3156
223,5292
212,9062
403,10298
188,2725
196,12637
190,7771
446,5410
292,4946
356,2550
94,4639
213,1194
101,794
363,11610
212,4996
278,12442
266,14473
136,11859
335,10352
230,6333
359,9804
278,4626
473,7641
210,8568
403,4956
27,2555
172,3516
330,9999
105,5300
317,12819
217,12905
69,12806
83,12790
293,12204
338,8930
129,8851
159,12763
281,2595
348,2558
282,14948
91,11393
398,14875
35,5803
400,2694
452,7864
70,5061
323,9491
394,12075
331,3229
87,14028
454,8977
327,8227
256,6333
16,2607
6,5063
360,1285
258,10166
402,8951
206,2592
235,5488
419,2192
29,4940
337,8205
405,4395
142,11024
84,11808
346,9021
284,5084
376,5135
221,13158
328,11354
261,10275
267,14243
382,12697
390,9651
88,14437
350,5852
382,5204
285,3739
93,5200
69,10232
393,12784
396,10450
357,2063
350,10222
456,11875
22,10633
284,5601
409,10603
165,12134
326,4969
33,4986
147,10309
362,10831
256,14785
313,10415
273,10266
308,11010
332,5913
220,12550
251,14073
473,11557
153,9037
169,12814
350,6326
183,9990
151,5635
335,5420
406,7482
202,13154
332,235
388,12985
214,2300
335,10564
329,10366
44,14193
229,6262
342,2542
200,5684
353,6921
192,10775
145,6642
336,7849
27,4243
80,9200
101,10727
403,3275
399,14028
40,10474
359,10225
411,13122
88,6650
387,6438
144,14988
146,2200
141,12736
226,10358
34,8712
328,5178
62,3627
275,723
473,6262
381,12938
154,12882
350,12085
313,12151
164,8784
225,10403
335,13036
349,9746
460,10272
162,5077
208,2229
391,14864
415,8554
458,8950
327,4403
399,8319
312,12146
275,11204
143,6648
393,12652
344,9432
273,10255
395,6051
219,13069
255,10119
222,7720
140,6585
211,8583
323,8235
305,5488
456,7372
284,4943
333,6321
400,11229
485,12330
350,11859
358,11003
436,6503
151,8300
476,8674
317,14059
350,3861
157,5149
340,10160
114,6755
349,12762
171,8541
262,14791
145,11199
465,1044
312,13056
335,9725
30,11584
144,11472
473,13592
324,1358
410,14005
319,10995
85,2588
23,3436
279,4732
259,10226
331,10973
57,2551
318,14916
170,3157
80,14267
352,2558
269,11672
314,5061
129,13227
71,13283
181,14790
103,5593
354,11132
326,13870
231,11618
328,14949
475,12155
259,804
466,4840
334,11626
450,9652
406,1308
257,12682
27,14803
346,12646
463,10244
30,7957
139,7422
335,6316
470,12207
338,3170
333,10161
333,5906
92,1593
373,5615
170,12325
279,12679
218,10491
117,3271
137,3981
333,4991
341,13362
113,13176
154,2077
330,3052
30,4234
272,6260
266,10633
354,11662
337,10960
442,12156
419,14965
332,10154
174,10947
388,5242
148,6806
460,2325
376,5372
128,1348
389,10904
277,7358
344,11366
412,13956
143,6921
434,6746
414,14121
452,13756
344,10211
152,9865
211,13003
377,10472
118,8848
325,7999
149,10156
278,10311
17,13475
455,3938
329,10172
220,12405
110,11376
166,11604
448,14948
312,11903
336,12912
88,6316
328,12866
297,12634
166,5295
87,9908
80,14324
151,1134
227,277
153,4492
163,10936
110,10658
95,10516
376,10223
221,1834
386,13964
132,10176
155,9905
380,12201
215,2079
227,9321
434,10656
342,8915
462,1644
323,8264
35,2306
382,9031
357,6335
342,1033
27,5203
23,495
336,5147
346,998
33,12831
439,2378
320,10063
278,2719
328,5506
281,3199
462,5905
393,8205
8,9755
287,5915
91,10794
160,433
106,14966
315,8192
100,9047
17,6504
154,1435
462,11182
341,7336
360,870
302,11307
139,14742
159,10327
417,10225
463,1455
38,4031
156,9999
318,12755
136,10777
266,12405
90,14865
42,5424
286,13485
281,9288
456,5105
401,13991
276,10242
144,12645
334,10994
92,11688
282,1123
43,10636
164,9282
93,10044
109,9877
36,10352
155,13966
335,10435
332,5132
211,3880
318,6379
286,14925
319,11955
261,6316
406,10362
24,4867
162,12793
162,6383
111,7285
85,10366
457,667
329,7819
296,12575
85,6096
278,1602
309,10352
22,13413
345,12336
375,2675
351,2547
325,10763
151,8116
151,6417
176,14012
88,8875
279,5631
327,3455
224,6312
324,7956
32,6367
227,4462
341,12323
136,6632
343,13335
83,5590
129,13172
449,11211
107,9637
150,11018
457,3955
440,5419
95,8294
209,10330
394,11018
335,10124
377,7401
354,9816
331,666
97,10239
337,13633
77,5922
250,3035
385,4584
139,10725
271,4243
231,9451
338,10304
400,11744
130,11606
133,5194
162,6370
265,11800
333,12166
192,7104
399,12129
148,14239
380,1941
141,5927
331,12618
148,12920
222,15318
418,6142
478,2072
316,9682
345,14114
398,9997
256,8242
330,12552
138,14600
335,13100
157,4309
334,5868
214,2645
155,10788
274,11454
336,10155
48,8852
267,5470
391,12729
227,6931
447,8289
17,2654
462,11856
225,1362
230,10834
450,7367
250,10715
80,9370
387,8200
132,7404
460,12699
173,11433
194,5435
436,6384
402,164
455,12423
216,8965
224,5846
362,5187
318,7236
407,9167
168,4299
384,8382
211,1322
411,9875
377,6874
393,13373
344,1752
174,6627
158,2612
248,10411
343,10165
281,2594
156,4991
350,1352
433,9875
386,14134
286,9373
329,10865
50,5015
396,3009
233,4163
172,14617
396,1795
397,9192
194,10706
91,8941
334,9053
28,3020
413,10472
320,5116
137,13346
302,11431
331,6348
335,8964
101,11662
159,7131
480,9754
338,5054
84,12159
454,11716
274,2572
140,12920
253,7043
259,12266
99,14028
143,14015
344,9047
332,2749
166,2433
14,10166
33,3280
409,8479
18,5592
146,3158
275,10957
446,10474
324,2565
309,8846
276,11786
211,12081
338,2246
459,9873
205,8887
272,6292
278,4551
345,4633
144,8915
11,15260
178,2068
273,4423
39,5592
267,10405
267,10720
134,4698
380,6925
156,7334
22,6348
240,14067
411,4639
406,8798
135,3801
113,12742
29,3157
328,14656
58,87
212,3205
163,14207
261,6274
355,8974
324,2077
396,12907
346,9285
337,7718
49,7404
272,9044
447,5196
32,14082
347,8486
375,10355
157,9342
442,11194
271,10865
17,10114
260,10520
410,1114
335,10962
199,5835
303,7408
269,4700
273,6426
466,7720
278,11328
347,10352
387,14015
146,5329
469,10816
187,6512
458,2645
457,3605
327,9711
177,8185
135,14552
255,10526
338,13765
455,8253
75,13122
403,9487
394,11887
319,12916
129,15027
268,6651
354,5734
219,15086
82,12315
380,12873
445,4906
269,6463
154,14467
312,5184
394,2096
468,8962
332,8905
324,4357
347,9076
245,9028
330,15134
270,8243
7,3326
159,10955
86,4836
83,13730
261,8382
158,4004
355,14480
23,385
353,4886
291,9859
19,8301
326,8688
355,15081
220,4474
72,5839
103,9765
230,15084
267,13155
150,4207
470,13177
397,11277
148,12413
375,4710
393,1516
17,10355
328,13605
400,8673
328,3674
263,9214
344,11774
59,13830
381,8313
403,11436
319,3403
404,2350
99,9023
398,3668
148,9926
172,10341
347,626
325,10879
377,9022
278,1386
72,3033
165,5744
405,2475
470,14555
100,8862
277,10433
275,8583
367,14728
204,6911
289,7599
329,2256
455,11335
292,4652
341,4546
337,8944
42,2145
150,13262
343,11590
267,14769
198,10363
316,2725
238,10168
10,12262
448,672
270,6278
471,14492
282,10836
150,5113
383,13287
147,614
270,9320
460,14073
324,12636
209,2446
188,3993
339,4412
479,8192
204,6996
93,12078
151,9260
472,4045
230,14785
189,8972
153,11199
395,4904
100,1224
454,10362
157,9936
233,5438
406,12010
116,8787
273,10564
339,6469
344,12827
402,5738
217,3026
172,8432
257,12936
86,13631
339,8946
235,5552
86,2806
329,4484
334,9067
280,4837
407,5198
346,12141
126,5670
269,12332
395,12368
335,13717
350,2798
174,4224
27,12402
354,11376
141,3136
296,4536
343,6921
368,5308
396,13011
131,9510
164,10636
335,14224
332,2406
215,13393
158,8951
269,9768
140,8653
359,9451
359,5907
153,13846
23,8570
383,8120
159,6980
222,9071
30,5105
228,8914
284,6634
272,11833
331,12129
339,1366
351,4042
394,11778
96,4251
105,11377
162,8975
401,2869
357,7411
212,4923
157,13746
457,12879
96,10484
317,14675
337,11919
382,11676
333,12903
159,10882
143,631
33,6398
28,8780
460,5118
34,2591
232,10342
418,12091
380,5136
339,14732
272,10750
373,1775
259,10242
278,15168
347,11241
277,10865
375,5844
207,11393
279,14226
398,13923
270,11445
254,9574
384,6464
280,3552
156,10367
336,4494
225,6015
356,10111
340,6635
273,8497
110,2018
401,8361
455,12055
458,11833
164,10775
395,3113
15,10220
446,4957
256,9860
341,8843
111,14245
144,7032
347,13704
332,1328
380,13417
81,10963
373,12563
324,2987
335,10906
436,12333
447,9971
376,9020
15,8852
296,5786
83,1036
339,13992
214,14590
276,3680
219,13723
206,9288
278,10368
33,649
37,2239
374,12511
397,6072
345,14982
52,7104
197,8241
144,9812
226,13945
342,8133
201,12315
391,9698
88,8270
398,14061
463,14863
289,2075
156,13071
393,6785
319,1602
333,7638
320,6402
335,3113
103,10154
88,13923
164,5900
90,9266
88,12726
337,11830
407,167
214,4990
344,10883
142,9288
351,14674
418,10174
172,10406
29,12771
267,12975
284,14677
477,3574
266,10488
392,2723
95,13995
50,9982
308,10167
257,9927
355,12390
318,6758
454,3397
377,10404
159,13270
140,6278
55,14192
324,13161
398,4161
347,2420
344,3227
341,8954
350,9259
390,12819
199,9884
407,10936
233,11911
328,1418
285,7035
281,8769
451,8958
406,13725
271,6050
397,8804
284,10837
343,14328
309,6512
401,4992
362,5308
325,8747
53,8195
211,55
477,13106
104,14600
76,9684
269,12824
405,12860
397,12491
36,2230
422,10650
354,13775
260,4955
402,3199
379,12262
91,725
150,10868
327,4883
139,5544
421,9633
85,8361
359,12932
377,15081
438,14365
419,13163
309,8185
161,8290
150,14705
271,45
469,11180
132,9456
404,9887
334,10359
328,4807
334,9865
158,5296
289,7053
333,5236
418,12094
363,1770
158,5506
463,8928
408,11205
156,12887
260,14243
141,376
386,8862
402,5683
292,13161
384,15076
338,316
144,5253
337,14093
279,14718
324,4957
317,5134
343,9043
323,6313
129,4883
336,15033
320,12076
413,14244
394,11205
100,8792
105,5612
385,2087
384,5084
136,10103
286,2002
441,5133
369,12087
212,8035
444,14925
349,11060
216,14139
467,2557
162,11242
87,2073
227,5482
40,84
376,9200
354,11914
266,6793
350,4895
458,649
279,11319
46,2179
452,10191
279,10386
7,8192
459,14803
274,9378
334,3542
84,10180
215,45
327,12678
333,5286
470,15084
343,5111
433,8195
280,9935
325,14291
401,681
275,14751
160,14928
433,14843
345,3094
152,10681
352,9205
218,14835
337,14211
302,11607
458,4340
29,2874
465,9684
300,9268
154,14241
394,10875
269,14546
214,11378
331,10788
74,7219
154,12932
75,323
471,8842
380,5246
322,9763
165,2242
210,5917
48,993
428,4651
448,4031
316,10476
378,1525
69,9205
465,6375
409,8595
97,11571
401,6908
410,5679
208,12319
275,13003
232,9390
74,2913
347,635
213,3439
281,6520
405,6559
338,5064
458,6483
90,8439
251,10643
141,8854
253,6092
479,5488
324,15082
300,8072
406,6827
195,5075
277,10553
215,9146
89,9453
270,12918
151,11845
385,8327
263,7212
283,14384
70,4465
126,12805
220,8290
270,10163
154,7862
318,10525
102,8966
326,3696
83,8355
23,8475
211,5162
336,11102
336,1660
65,5192
20,13788
140,702
393,13633
225,2480
481,11314
119,7770
137,4657
458,2576
138,5444
155,10238
253,635
396,15105
335,5091
454,5492
280,546
399,4385
474,8658
355,8073
357,267
334,10207
277,13129
409,8541
334,9729
311,9205
417,4945
167,10995
330,12664
135,13401
285,5176
375,5365
213,10159
333,13040
148,1480
174,9022
77,5961
322,9759
44,7042
329,1296
269,8895
259,4602
460,14686
276,1761
324,13281
342,5890
360,13113
213,1641
433,8972
376,10176
406,8952
270,5572
78,9454
46,11259
253,6637
95,9698
339,13773
389,8984
276,14047
327,2722
279,3965
330,5322
38,14538
28,14704
314,8316
395,14211
383,5006
219,13387
338,11836
73,8979
89,11085
219,8923
339,13487
191,8073
347,8315
145,10054
401,5799
336,5590
406,4691
403,7003
355,14245
377,12634
389,8987
341,4955
343,5232
99,8710
62,807
378,1657
197,3199
238,10466
326,7837
388,1788
105,5082
323,13062
160,10389
256,12800
393,8685
266,8290
391,9823
156,14715
200,9706
371,10893
343,3273
301,12151
272,5525
325,12035
268,6994
279,10725
257,10404
227,10395
276,8960
403,13515
264,4185
450,5422
273,6861
159,14660
452,10311
154,10126
33,12605
386,4608
155,12160
161,10155
135,10832
160,9492
446,2255
414,1706
147,9025
454,14078
391,8615
208,8420
413,8979
413,12819
404,14709
34,4453
286,10642
332,11924
309,12686
172,14784
95,4878
77,4701
68,9024
246,2671
386,10392
457,6541
287,155
140,5367
315,8312
139,2060
421,4345
227,14917
19,12647
451,10357
447,3229
450,14475
256,8378
130,11073
148,9730
456,4864
101,8725
437,10162
328,1995
341,8984
403,15170
261,12704
267,10063
329,3675
478,9755
138,3271
313,11915
394,15189
324,6046
277,5151
325,10451
340,6667
373,9922
262,6553
347,5074
402,14949
353,5007
485,3148
135,14073
377,3318
19,13711
315,13714
379,1702
398,9354
161,14376
342,11472
259,9402
390,5139
354,9624
92,9967
142,8374
260,11791
10,13230
467,14672
354,9263
408,9454
12,12498
398,15123
157,10966
275,10869
340,4400
368,750
14,10159
398,14665
159,12908
397,8118
293,4884
153,9965
208,12552
30,9820
348,7403
340,1296
464,14085
271,10030
288,13837
162,13152
33,10492
151,9845
296,10656
139,13646
291,14123
215,1286
337,3800
138,5204
352,7116
399,15130
227,8842
415,6752
345,5247
469,9931
229,11431
143,10126
337,9665
175,2786
459,4398
202,5530
380,10832
444,11085
326,5116
476,11182
455,9048
391,9025
145,12984
455,4907
72,3561
205,12847
162,8112
19,9871
89,8378
265,10952
194,8361
406,1690
466,3072
401,4450
218,12945
357,14136
9,10168
253,2542
256,6445
27,12173
417,10887
329,12607
143,3107
276,12212
217,9430
324,4330
190,14136
140,9285
16,10105
197,8973
410,12925
231,2191
462,13714
208,13687
287,5835
454,14716
255,3273
88,693
37,13240
161,936
378,8740
102,10951
275,10023
216,12918
450,5111
97,4933
279,15038
143,10331
454,8568
382,3434
346,13356
333,10239
318,4838
25,7850
4,4892
330,9070
399,9908
202,6634
84,11109
137,8255
41,6527
398,14163
464,7705
85,2256
376,10584
406,10958
232,8614
144,12348
273,10424
270,11723
111,2073
392,2707
345,10153
131,12207
448,12890
15,10771
324,8628
115,14604
318,14859
214,2738
152,10359
398,13779
338,2707
350,6382
350,14005
226,2726
484,1291
360,12805
345,11662
261,14731
328,15048
168,6877
72,9519
235,4352
258,6326
349,4942
321,5001
353,6632
263,13696
21,14314
449,3471
338,2723
34,9892
235,5966
373,10771
400,7506
219,6043
307,5127
338,10876
314,6336
404,13599
347,12916
289,12079
7,12032
327,7490
335,3284
355,11723
126,10411
256,10179
96,11931
257,10776
467,2555
256,10173
398,590
270,9708
205,8769
334,12776
283,8959
387,13368
336,11866
37,8316
447,609
399,15123
84,5178
161,3374
317,683
202,9081
343,9441
466,1570
343,12277
396,9932
323,6374
153,9998
353,10954
387,14838
32,2116
164,2739
8,6803
329,9986
333,9075
406,12921
397,4413
101,14564
272,9218
312,6627
92,11778
164,6879
335,11645
292,5318
329,3228
317,14077
130,4285
36,10370
253,4952
397,9681
256,11245
274,9273
102,8678
209,5386
326,8241
83,13515
152,2464
28,4340
450,2230
212,9034
464,12926
203,974
255,10953
334,8572
462,12142
152,9321
231,9871
149,14075
278,12652
391,10745
158,5683
222,9446
406,4400
190,10342
141,10235
165,1239
210,10693
94,15019
131,8904
358,6275
279,15233
319,4275
149,8612
209,10746
199,9314
339,8889
245,12628
323,584
151,11060
411,5442
385,6633
335,4444
146,14082
384,10816
391,8929
146,15035
110,8074
260,1115
152,4868
258,4462
154,10401
412,1593
72,11243
167,10403
384,9285
441,2545
25,9752
258,6822
149,4398
343,5080
117,2546
419,2244
436,10343
350,8366
208,4868
355,5840
402,14656
84,10551
93,12652
16,6563
379,3877
319,11082
80,2601
344,13833
259,9396
147,4243
387,7575
99,2598
346,5367
324,15162
18,8962
463,2424
154,9856
468,5592
219,10063
287,13118
328,10879
315,2433
267,6264
414,11797
139,5494
328,12092
278,6626
320,14982
150,12076
225,2434
219,1248
353,10231
284,6277
35,12222
423,2551
264,40
149,6159
457,9604
450,8563
274,2553
89,15260
333,9769
352,10953
279,1250
87,14692
255,11618
447,5592
399,9108
146,5707
273,8932
274,5592
332,12609
395,10315
162,11143
470,9763
422,5308
273,11660
277,8240
39,8258
132,15217
347,5544
356,12157
328,10870
264,10712
333,4806
35,9285
158,15048
241,9988
212,1087
265,84
199,13054
49,8792
233,8918
88,1266
340,14082
110,8066
416,12215
186,5428
347,7422
165,8544
451,10725
267,14451
262,6333
100,3227
452,6039
382,13286
22,7705
107,2007
453,10868
352,10718
213,115
154,2073
162,11362
51,6153
149,1265
267,5072
256,13420
444,13485
302,87
155,3047
294,5497
272,5348
207,3136
213,15243
133,10164
206,10847
168,10593
150,5146
383,10352
259,2197
246,5071
278,4372
101,11896
81,12075
165,1756
158,6553
151,13617
284,9256
336,11018
359,10893
345,14245
457,13717
241,2730
448,14538
106,8072
125,3271
214,5525
111,14965
124,8727
408,9076
205,9798
355,11434
398,9753
403,2450
445,8953
137,2557
210,9733
85,5393
325,2709
288,10363
141,8896
89,9076
336,13270
272,8875
274,14271
277,4366
327,7343
259,8427
212,9273
277,6906
27,8944
274,9925
94,6806
41,14083
272,10058
159,8227
27,2956
458,10368
327,4956
211,8469
225,10782
446,15274
462,15145
33,11394
397,12080
139,11186
28,12827
348,1351
374,10230
317,4835
309,6453
272,4999
209,7358
107,14674
413,6379
151,10131
261,11858
449,6071
70,8421
73,2792
391,10480
30,6037
477,8312
157,7819
116,15211
395,13717
9,8721
53,9994
276,1946
157,6130
343,10331
355,15155
100,11475
381,5082
270,4748
391,289
212,13370
94,5708
271,12880
362,10891
33,10553
456,12837
151,6123
380,12085
21,2495
220,8953
21,8665
345,2503
206,14588
333,12624
162,1280
406,8628
38,10879
291,9934
171,3325
256,6579
318,9984
217,13159
374,6153
142,10211
324,10402
227,9396
145,13036
270,10232
252,1763
268,6292
376,15025
230,10179
465,985
198,2714
36,8919
221,15274
376,11377
127,9747
330,13132
15,11901
445,5421
213,5412
286,4724
357,9691
36,10506
414,9682
284,12228
101,4584
394,13270
112,4285
479,8962
337,1519
444,11893
99,12919
44,8433
276,9404
156,2226
328,14812
141,12372
332,15033
143,4366
206,10748
76,4396
456,13272
254,9988
207,14718
34,12772
345,7034
298,5066
314,13177
281,11211
100,6588
74,8481
349,10396
173,5064
11,5422
347,10832
143,5688
456,7401
158,3045
340,4403
163,13547
306,9811
395,12168
236,9754
267,8475
32,10362
266,8718
89,6072
132,2018
96,12170
26,3730
83,572
132,13838
199,10482
396,8506
190,15267
70,7356
160,10218
314,7356
435,1525
332,6651
36,8601
225,13695
476,12514
289,10399
322,9740
156,11119
273,9715
274,9994
322,13125
200,2353
274,8905
259,11666
339,12883
267,9755
49,4524
212,10450
273,13161
31,8287
158,2420
390,10368
332,4394
392,12188
28,9765
281,12626
270,7883
21,14055
1,12330
36,6757
156,15134
456,12800
360,6571
27,45
356,3201
386,11304
417,12806
414,5725
368,4947
383,9814
342,2432
332,1412
194,2438
176,5252
370,15211
178,5308
223,686
230,9860
340,10219
232,742
384,13356
376,5016
306,3627
400,9374
341,4454
214,2576
395,14839
457,4977
19,14672
441,8973
25,5920
463,9530
356,8071
324,9922
407,4422
264,5912
79,4967
100,9164
99,12046
288,8804
141,5474
482,12627
474,4478
135,13114
118,11250
391,12824
107,9382
110,14246
86,11229
330,5229
75,5663
203,11077
292,12635
430,15028
322,8205
166,2794
332,7131
446,6370
313,5064
324,9312
12,6700
470,8795
33,14709
350,9931
151,9392
467,9871
373,10355
402,399
71,6752
406,10392
127,9266
137,11060
281,9515
97,13362
417,13822
101,4475
97,12155
338,12143
376,11376
132,13714
137,4460
157,4545
30,9321
404,7484
96,8354
322,10365
406,10402
223,1662
340,2200
379,12154
261,14372
162,10402
331,3198
318,10593
146,8976
275,14635
478,5965
401,5633
110,7821
329,9739
204,12202
393,9769
352,5125
458,14590
251,11914
325,7359
210,14619
278,4580
139,13695
357,6262
445,10224
71,11006
144,11922
337,3313
157,10395
418,9987
213,8079
391,13487
347,14900
21,6375
34,8956
161,6549
378,13701
34,10148
273,13261
331,9753
70,10406
43,6044
196,10717
355,7285
331,8327
260,12751
83,7131
167,4955
145,2175
161,9140
200,9674
332,621
144,8235
68,9987
16,7526
398,12796
378,8075
390,15284
77,10396
358,14010
414,2962
165,10654
397,10493
324,4400
69,10952
329,4329
91,4953
284,1576
312,12094
129,7176
393,12792
257,10232
330,10367
347,12686
274,9766
129,394
484,5131
371,4465
79,7511
324,8480
333,5320
331,10308
463,1516
337,8079
458,5618
158,9765
329,4450
356,6153
283,2325
137,14236
280,8226
454,10431
321,14497
83,2479
346,14656
347,6872
396,5218
130,391
363,10348
329,2713
133,4404
134,14963
266,9042
330,8323
95,15069
303,9990
108,4900
105,12801
76,10113
448,14085
400,13631
316,11485
138,8363
380,14617
148,2358
391,12786
453,13280
335,4313
398,8396
275,2765
209,12412
132,11376
28,15100
67,14965
87,12816
347,616
346,9991
326,6404
395,7886
130,10231
280,9652
85,13722
275,5753
88,10521
377,2484
73,2725
93,1516
277,12412
89,13040
383,12916
397,4401
353,3318
90,8204
479,9870
272,4563
305,14790
162,1690
277,12912
6,2490
390,3278
443,7039
339,10309
264,9752
161,11868
23,2203
71,14726
16,12933
347,10344
393,12994
144,10388
270,12413
219,6349
213,14523
337,3280
278,5105
333,10038
153,9053
465,12167
84,15048
136,9931
278,2229
274,8074
257,5194
332,590
279,9397
291,1235
208,4511
479,12874
103,9933
37,12764
345,12264
157,7838
225,6316
397,12966
391,72
233,11127
154,5476
394,2565
332,11859
311,2191
318,2918
171,12875
85,14677
343,631
278,9530
324,6878
292,12639
325,14018
398,11197
284,612
169,8195
332,14467
102,15076
344,1525
422,12388
97,11867
412,4299
99,11590
160,11710
416,10341
96,10958
405,6849
333,9192
404,10030
394,8066
341,6371
34,4970
360,12626
448,13247
268,15310
377,4360
338,15042
337,1725
98,10002
262,5423
308,12148
223,10174
347,12683
339,6665
92,12896
146,10219
209,6367
202,10837
451,8439
144,10428
148,12666
139,6872
327,8378
439,14722
333,14138
403,7567
157,5586
266,5566
439,13104
278,13756
467,2713
377,14554
337,14075
162,8988
161,6922
165,11839
289,10225
52,10593
336,10188
383,14247
410,13953
473,2601
469,10352
272,11919
111,11193
65,11013
284,3130
79,5198
377,10222
149,2719
191,2313
464,13413
81,5723
322,3525
157,9772
277,10746
123,8850
402,6231
327,3275
162,2206
337,2691
459,8944
261,13695
351,1957
279,10359
475,3740
159,5510
349,8917
470,11244
343,2256
412,925
88,6902
224,10951
276,4335
285,6612
154,10742
225,4936
276,13450
292,6559
327,10882
96,9651
166,2558
323,13279
316,3805
159,4403
349,1772
91,8994
165,10396
30,14040
216,10625
326,2229
277,4871
475,5422
348,8363
256,12498
344,5147
91,2559
455,10451
104,9207
190,11907
93,8972
209,13280
104,4598
351,11481
209,8329
475,9936
93,7718
480,2490
124,8307
390,6323
148,316
462,15310
326,14075
473,10232
336,9430
259,747
453,10207
139,8364
263,9871
297,6564
172,5017
382,4598
284,5917
156,14824
435,8073
470,8793
335,7242
32,7106
324,14267
146,5120
40,10401
458,4458
290,2179
89,9558
357,3146
358,10595
141,2622
385,793
343,1124
450,8715
274,7846
209,8922
463,5828
336,612
210,13027
406,13699
336,13262
349,692
191,11847
146,15284
260,10405
158,10100
32,6255
456,10435
281,5439
322,2772
177,10166
146,8109
357,3275
102,4407
403,11631
83,10895
252,4765
80,13281
135,4524
253,9266
341,13516
148,3170
320,12925
384,14952
113,10355
96,11949
322,12215
129,3091
278,10732
142,1752
97,10054
129,9023
277,6311
153,10414
273,5239
264,9993
32,2186
272,3439
80,12468
320,14723
212,10490
82,10218
406,2890
214,10359
96,3278
211,12357
281,8271
75,10036
166,2502
211,5322
57,5068
324,5615
384,4407
322,799
389,12155
333,9037
31,13124
348,5000
12,8779
351,2485
462,14834
462,11545
132,4226
287,9443
88,13203
81,2530
442,9201
350,5497
82,2350
27,1250
138,11362
271,1286
310,5064
337,3520
107,1702
152,10145
385,10883
351,10832
447,4966
408,1036
335,9084
411,625
141,11896
154,9882
332,5588
320,2558
31,7271
385,10153
312,4411
192,12155
278,6904
286,6826
87,5826
135,11316
469,12443
85,2869
349,14073
354,9200
271,9926
460,12640
408,8479
155,4433
409,12642
340,2440
161,12130
284,6102
262,15023
332,4430
36,4837
379,6084
25,12759
314,4952
131,5194
396,2043
335,10183
399,14290
211,11204
324,6383
109,12634
368,10050
168,14123
38,10401
393,2478
330,14824
130,12927
316,2959
92,3530
25,9438
279,9212
162,11120
111,6088
469,12272
257,3801
397,6406
380,8303
340,11107
207,11692
355,14064
413,5258
346,6263
328,13029
296,7771
428,15271
393,10526
334,11031
158,12313
326,2026
80,8975
342,12933
52,8612
101,3462
397,5393
23,5083
375,10224
214,6978
403,7868
341,9923
132,1583
10,12504
271,13485
92,15189
274,8035
155,9108
403,9279
421,10352
97,2559
347,14742
261,10344
154,13966
280,11018
277,2558
141,11685
144,3192
283,12129
291,11015
459,5449
167,4276
323,4422
276,13177
485,14010
177,3145
275,2355
470,12933
385,2062
478,6566
75,10403
431,4947
322,5618
191,1525
388,555
422,12028
388,9552
345,6565
21,10396
394,13753
329,13746
38,5086
335,4298
39,4402
456,15191
282,10401
460,4595
438,993
91,10405
65,7173
225,14067
372,6755
178,11010
272,10869
458,2531
108,8242
277,4673
99,1124
291,10882
153,4464
321,3519
328,5390
165,3519
90,11942
91,3513
206,921
394,9273
199,882
173,10165
322,8716
450,12441
321,2242
167,13122
460,13033
459,1250
346,5664
350,10832
303,1528
322,4521
79,167
318,11059
32,2682
352,14965
407,10160
414,12325
272,13820
28,6416
149,5732
80,13699
266,10884
290,5499
351,14073
31,8753
446,13782
29,13959
235,11124
332,9757
75,15035
392,6806
448,1755
338,9650
270,4733
453,8960
272,2531
418,216
97,10424
119,8850
167,5323
111,5134
107,14067
383,10356
292,10837
357,13583
454,2186
148,13112
452,14716
146,4990
335,14885
143,10150
339,10155
201,10224
293,8792
473,10832
195,13943
348,14600
167,8956
315,6817
360,5907
250,5063
317,3338
154,8468
273,8079
187,11371
156,2511
335,8082
53,12634
460,12428
341,12635
345,7513
348,10598
41,5382
226,4955
335,1683
14,14246
282,1273
292,9877
397,10367
211,10036
453,14709
221,14743
157,10748
240,12268
260,3043
356,6925
381,14783
338,14108
295,8073
318,10116
404,7359
407,7847
414,10837
352,393
333,1357
335,7334
203,8060
451,4812
206,9312
380,3445
291,12980
336,4395
312,14016
400,8208
398,7862
72,12440
476,10460
445,10239
203,4402
185,14727
149,8963
437,4952
327,13551
139,10352
343,8076
263,12801
418,6334
165,11675
254,13464
355,7883
229,11366
23,2595
351,11840
355,393
257,9993
387,10331
339,1268
345,10727
459,9626
452,5167
402,14959
395,11018
101,10393
312,1344
218,5086
459,2802
398,10074
322,6945
156,13807
317,11003
73,14059
40,1576
385,13154
387,9043
93,14465
29,1924
342,13486
110,10896
444,10634
348,12697
377,6806
413,14059
151,7886
311,6153
92,2245
35,6400
332,9997
288,10236
451,4633
280,8715
246,15148
454,2539
203,8258
197,4399
398,621
221,9684
208,10847
96,9880
256,8253
389,4910
401,11379
146,14059
187,14248
339,11200
224,12646
267,14953
476,1710
145,10843
224,14135
343,9250
157,2256
158,8319
277,2753
225,2654
96,3427
356,12635
457,4794
327,9291
124,5187
152,6012
35,11645
99,13102
395,1592
395,10036
331,12185
313,13822
374,9990
457,12484
277,13066
261,9163
85,9316
90,15105
208,14716
225,6976
351,13760
408,11359
275,12055
346,12920
260,14127
449,7042
287,10482
273,10381
376,10701
282,8317
235,13886
27,9308
219,8355
281,11887
393,5439
157,12290
449,12396
92,13035
135,12262
131,5848
139,2434
350,10537
393,14108
4,10466
161,11984
331,9905
458,14709
260,1231
153,4991
154,547
270,2679
210,6682
214,7090
166,2383
394,3580
164,5025
40,15274
215,8083
355,13768
320,8056
279,4727
157,4459
354,10176
283,1934
172,4414
358,11075
385,165
133,5482
449,12764
324,8975
332,1579
456,6591
400,5207
352,9035
201,3043
23,3343
104,12804
8,8555
44,10404
28,10323
323,15191
17,9042
153,12144
256,4419
148,7046
28,9044
211,14635
229,4939
12,6980
287,9314
330,12938
139,10344
187,6571
400,2312
151,12914
159,2680
319,12639
393,2566
387,7158
270,10625
416,3032
164,14625
380,9086
146,12918
398,11413
95,1266
350,4593
77,9321
109,9022
333,8304
136,13103
284,6108
412,9139
368,11068
288,9434
384,6976
272,258
128,12443
188,10405
166,14723
99,1330
405,4450
272,8180
268,11053
138,7362
207,5323
429,5068
262,14116
323,10727
81,11024
341,3035
109,9925
419,5486
161,10389
153,9286
461,2453
463,6555
164,8479
133,5007
462,11053
141,1477
325,10153
296,14426
355,10471
204,14085
178,5130
168,3201
335,10793
192,5497
403,9367
324,9877
384,2475
102,13453
453,11841
448,10401
231,11002
373,8851
474,12032
393,11314
351,10834
395,10962
457,11753
83,14115
33,8868
455,4375
104,12323
326,6559
474,3326
355,12276
301,6391
271,12986
476,2844
296,10171
464,5785
58,4651
362,8727
338,4398
398,14331
385,4633
84,10388
195,1235
418,5245
253,7046
143,14503
2,12811
389,12799
274,12757
92,10992
373,12022
197,4479
37,10310
377,12202
345,8324
398,9782
260,14555
171,14125
402,13363
277,10399
412,7219
173,3025
469,12793
2,14067
330,4765
336,2306
157,10209
129,3274
136,11126
288,9997
448,10395
161,3490
456,9204
65,6273
219,12975
324,12921
385,10111
259,11856
346,11078
397,13040
30,13113
143,14328
384,6680
346,2796
446,9262
406,11120
351,13114
350,5192
338,7046
205,12396
357,15091
158,12746
245,8548
326,13599
340,10368
133,1237
164,9763
378,8905
259,4346
287,6683
351,8971
329,12139
393,4832
338,1970
107,14552
404,7870
396,5692
377,9877
461,11348
246,12687
173,6385
401,9262
19,686
387,4714
129,10954
384,10103
136,9032
332,11179
394,10178
109,11900
147,1992
460,4483
225,7642
403,15247
406,8953
414,5839
141,9742
233,7346
475,8311
377,3458
291,9935
330,2511
484,12687
176,10106
323,9759
152,13142
140,5592
321,8919
452,12133
393,1725
220,6394
208,12727
323,8984
341,10355
277,8922
250,11363
336,6073
47,9935
98,10872
385,9884
314,8973
356,9751
147,13763
400,10367
190,4414
316,2918
312,8731
442,7042
89,12172
331,7435
199,4701
318,8600
80,14000
233,10406
324,12158
289,7835
390,10484
339,12786
412,6680
190,7587
207,14080
225,8854
168,8673
131,6504
91,10036
400,7904
135,2915
225,9343
281,8319
477,9932
205,11631
278,10847
459,6796
338,8312
395,3513
103,14243
456,9223
140,12806
77,12523
127,4465
466,3493
374,12808
80,5530
152,9668
14,4696
332,1494
398,15033
38,10212
451,10873
416,10406
403,6332
174,13056
354,11377
72,8917
151,4298
28,9296
174,14014
278,12727
374,4285
132,2482
270,9786
407,10391
152,1789
397,8378
151,9363
139,11262
263,2191
289,10104
258,9939
406,2062
407,5115
357,14003
262,8247
73,10100
457,10007
96,10466
34,10213
93,4239
320,1405
151,9044
269,2534
149,2546
64,10050
164,15214
223,9342
448,2468
333,9998
189,9994
262,10882
190,8542
338,10960
96,8924
202,2721
345,12927
397,10957
332,14241
310,12932
144,10424
285,8323
404,11136
159,10239
469,10116
30,10435
180,3627
141,8056
281,12396
320,10113
72,5546
478,10643
333,10370
378,4900
216,15072
34,13370
448,5567
37,6071
389,13033
137,1122
80,12921
32,9103
31,8087
163,14079
207,6078
335,14919
155,12129
439,5075
141,4634
350,6335
147,6155
210,11786
455,8287
467,686
333,3186
276,14716
161,8174
451,6073
282,11327
131,7883
194,2723
273,3157
329,2751
329,10209
211,13848
143,14808
270,12920
363,7588
144,14268
396,12349
399,6353
278,12772
383,3673
214,6408
445,11412
477,3447
470,4952
389,10448
333,9286
22,14724
350,7286
311,324
169,5134
72,2241
266,1362
321,15039
337,12790
43,11555
296,15267
410,13903
162,10392
97,8843
84,8778
464,9285
282,7268
457,12714
438,8852
314,2781
449,13807
150,6176
149,3313
334,6037
343,14112
399,15225
347,1663
281,12787
293,6444
88,8456
403,13127
83,12799
248,2786
458,8234
321,6037
381,3026
327,2204
341,614
154,15033
356,10950
481,15154
251,10164
361,3271
213,12201
132,1299
343,9703
153,14077
393,5104
141,1244
332,11276
455,7105
137,4298
141,6395
322,6879
404,10993
35,3666
411,9282
94,10854
372,11075
149,6414
344,4334
327,13995
353,4475
157,9727
338,14065
388,2709
274,14334
213,1914
209,6398
457,10435
395,519
374,11606
83,5451
391,15286
273,9806
418,4411
334,1127
326,1488
457,9279
457,13434
279,15193
216,1526
342,9769
132,11122
421,12686
17,1291
399,11283
203,10041
299,4947
340,3764
260,13177
17,1883
268,15145
111,5003
322,8084
227,14554
471,11716
311,5071
403,5991
343,396
272,10154
159,9043
324,11143
266,10480
403,8063
331,12723
324,14720
36,5422
274,6409
263,12012
387,9441
406,5113
15,15217
202,8292
19,10527
427,13830
264,14552
271,5328
327,10147
356,5672
206,10370
407,10895
373,8182
347,8912
267,1103
202,14747
293,4580
325,11984
169,10100
333,11085
26,4449
285,5979
159,4883
267,8355
20,10213
375,5003
469,14732
377,13767
201,12800
312,14014
346,2438
106,9086
335,4688
224,5144
167,13756
410,621
332,921
314,7236
387,6108
285,5113
139,14552
387,8804
330,11214
320,12804
267,4963
383,6446
279,11346
455,9162
287,9278
335,14726
354,1583
411,5663
332,14030
458,10211
398,10964
399,6003
403,10402
396,9666
165,3854
464,12154
260,7404
315,8913
83,15247
219,12943
348,10358
78,13275
381,9457
354,5425
456,4234
327,10666
270,2828
485,4948
219,14769
288,10396
140,14360
44,9434
403,9523
446,14798
85,12770
272,6408
435,13045
392,10960
32,4297
287,3875
145,3787
451,10546
388,4873
324,11086
390,10848
331,10094
332,12964
8,10643
453,3517
331,15123
433,9994
144,10869
464,10488
261,626
110,15025
267,6255
151,10313
174,1536
343,4405
317,2843
455,14951
150,13765
400,10151
207,4727
70,3095
143,4405
347,9814
160,6670
322,12436
281,1371
195,14722
100,10221
26,4360
279,6553
236,7523
328,4542
36,15022
411,10225
462,48
292,4399
289,12159
377,8484
160,9168
401,2751
292,8239
95,14012
142,13606
390,10955
469,12924
102,11078
398,7057
463,589
264,2838
471,6506
44,9805
256,10956
352,10699
89,4401
228,8302
69,5126
146,7004
435,2313
88,5691
456,14332
343,8328
126,5433
162,12792
139,5115
413,5139
109,8552
338,633
199,6080
324,2197
477,8721
151,14919
153,15212
5,8074
208,5047
267,9009
440,13179
23,3453
154,9123
406,4416
435,4233
319,11083
411,10036
391,14732
392,10895
256,2245
267,6043
273,10851
252,12445
292,14365
453,10869
336,10178
398,9770
454,4297
412,8678
399,10068
293,10778
217,11672
42,10634
86,10367
80,6158
13,8312
16,14235
92,8180
394,14018
400,7540
340,10035
281,13119
160,10957
155,2745
453,8868
213,13434
278,8047
261,10816
100,11366
34,10156
23,5475
171,2303
341,8355
254,11074
329,13161
40,9256
92,1263
273,13444
105,8255
42,9165
419,10043
126,14488
467,2711
409,6082
327,9675
415,13055
275,15303
403,6079
12,12800
272,1270
267,10233
295,13045
332,13966
354,4226
335,5244
399,13133
400,5567
467,12801
456,11584
162,4330
321,10357
150,4485
174,5376
130,3201
327,13055
147,2831
443,4701
407,10367
227,10220
430,11126
443,10636
397,10038
144,3010
156,10129
333,7720
133,4886
462,8203
220,12166
324,10032
341,12803
334,6305
388,11148
91,10962
231,15260
74,3201
383,1712
22,14712
270,12428
327,4412
357,6323
320,9823
175,13955
275,13848
147,12788
347,8795
39,4966
166,13953
216,2988
382,3682
457,1924
21,14373
274,13370
424,3627
345,14075
273,11694
276,4293
100,2313
400,10311
218,5422
376,10342
20,5718
326,11136
31,5396
460,5059
232,1710
394,10959
397,10881
284,14050
333,5213
203,6620
272,4608
395,4611
401,10519
313,4405
418,574
96,6434
173,14545
316,12804
147,6624
88,3668
384,8894
87,8645
336,325
124,4891
233,10235
112,12511
360,6451
274,167
390,12918
393,7718
377,8487
406,8256
89,9429
476,2841
22,2432
398,5132
313,6325
78,2739
11,3273
147,1595
325,8799
152,9729
414,8917
450,6757
139,8306
293,8365
99,14503
383,2442
335,9235
390,5707
259,4706
354,13111
225,8795
271,10960
164,2064
322,5025
281,9683
392,12184
312,13051
415,8606
42,13005
71,3683
219,1103
317,2241
253,12803
354,11122
321,1756
280,3338
352,9138
270,2988
221,10126
169,10714
320,10479
215,14072
203,5317
396,10689
169,10224
362,12331
254,13222
262,1125
337,12045
203,13033
199,1904
457,5993
140,9694
78,2922
346,14918
216,286
334,13563
336,13609
153,6398
453,6713
127,9451
454,4281
149,13269
446,6522
260,10358
86,13046
337,10886
154,6453
99,6648
446,10003
335,4874
394,4399
56,15028
337,10867
342,7632
35,8320
437,8792
230,1938
395,10039
151,3903
380,13045
230,2245
390,7008
353,8791
153,10370
356,4408
309,9085
332,4946
89,10509
434,10593
408,8903
212,6037
33,4489
340,15035
88,12413
474,10956
389,12732
210,13177
313,6025
166,8476
350,11126
146,10035
390,13387
78,6885
379,9637
84,13363
274,4908
324,4478
407,5386
90,10759
267,8533
256,8259
148,13765
88,921
329,9292
259,7237
32,6171
447,12980
471,5481
331,12970
353,2244
337,10526
213,6037
348,6080
337,4354
37,5122
147,12786
38,9915
163,9014
412,9099
75,6076
439,10717
83,2450
313,4406
382,3035
31,12055
211,2258
63,5068
453,2527
274,8960
22,6073
199,3875
260,6447
467,1534
380,14966
460,6393
145,8984
265,10175
36,8351
287,7835
342,1090
296,8605
403,1036
422,8668
353,6441
159,2722
352,4698
255,15260
143,1124
471,8978
107,2244
281,13807
331,5050
48,12920
104,11676
372,8603
385,11662
146,11949
154,13788
376,9816
406,11375
194,13279
326,6670
454,1225
26,10240
332,13779
235,1472
344,10308
159,3727
276,12171
353,10472
141,4631
202,10210
355,10355
34,5047
391,7184
84,5066
355,5481
466,5718
296,12742
246,10227
135,12811
269,11690
135,3877
64,8668
147,8453
330,15014
453,558
154,5140
31,4375
207,11645
98,10116
355,2798
398,12010
315,874
352,2980
334,10129
150,1593
308,12810
115,10225
153,10161
159,12487
211,4921
399,13285
169,7836
194,10959
349,1122
318,8139
87,4913
220,1273
359,6092
76,1114
452,13972
165,15039
416,10893
267,9852
393,10156
343,10394
327,14719
343,5422
394,6286
329,14235
345,10873
339,2475
141,8911
99,13368
280,13477
388,2953
388,4489
84,9127
168,2918
330,224
322,6076
336,10142
338,14724
285,14083
345,6934
333,13609
317,7522
391,1266
383,5002
355,14965
329,5586
76,10235
417,10952
415,2303
382,8363
323,10399
80,4357
214,9098
265,9514
28,4599
217,2535
287,2239
411,11955
288,14722
343,14145
418,9216
388,7726
150,14346
338,13931
454,11961
382,12804
335,4452
400,13132
217,5064
465,14055
154,6650
256,8905
87,965
159,13995
218,15310
205,10882
353,7102
44,2240
176,11367
393,1254
215,14155
26,5118
452,10990
321,13602
385,14127
272,11378
335,9307
59,5368
343,5193
269,15079
324,4966
343,10119
395,5356
343,10953
281,4946
271,12803
339,6155
69,9216
367,7770
205,6070
446,9757
443,9314
286,11953
159,13055
387,5077
160,10510
476,10178
328,4959
339,11598
241,1348
340,5707
332,10964
344,3228
479,2484
393,11004
251,11124
258,4947
98,3192
210,9796
43,9443
403,7394
73,14244
35,9555
230,2485
262,7903
335,3713
342,370
202,10222
266,6073
342,10389
91,1286
274,9708
275,7016
154,2945
245,5370
222,10712
277,10685
202,7764
147,1871
353,1236
227,10226
279,10816
286,13153
324,8953
333,2229
211,14751
458,10142
268,13835
289,8241
131,14480
97,12803
96,4874
343,5208
21,1834
387,12046
330,10359
343,12251
42,2833
117,10167
113,8182
316,2241
343,11958
456,6441
352,13118
347,4643
321,4704
141,6504
262,10364
458,15100
399,12186
277,10487
329,1760
33,10158
15,5116
7,12805
200,9492
292,10959
142,4966
407,5019
158,10655
348,2234
58,2248
402,10871
246,9810
63,12807
145,4543
157,3559
96,7008
48,10399
459,10960
452,6646
154,8708
450,15022
387,15288
281,14482
251,12805
41,12802
157,4329
219,6264
458,8875
261,13118
34,7864
85,10151
87,6610
299,6512
449,4402
383,9765
204,5113
321,9253
314,10882
379,14073
264,5410
253,10238
383,14723
191,13833
332,10521
399,133
155,8050
332,6465
205,9683
28,9218
314,9216
267,8175
208,12231
271,14072
387,10211
221,2853
346,5676
381,10396
414,10479
329,2092
145,13516
69,5133
355,9205
324,10238
140,9682
313,8725
93,2846
345,6633
273,2874
332,12952
406,1633
345,8911
210,10362
442,1598
353,10351
317,15323
154,10491
462,10491
17,10226
395,6394
149,12812
414,4645
83,2803
282,1755
319,13122
314,12577
354,14964
398,9259
400,10732
284,10958
210,1908
335,5175
396,5493
208,4431
119,630
335,5695
213,14959
266,4474
320,2433
387,5082
322,11374
235,10164
408,2922
69,14313
277,1280
71,10881
97,12164
384,3195
327,13270
157,12009
455,4629
340,10222
143,8437
360,5433
274,6441
198,6157
143,10394
479,12032
333,11199
353,4404
250,12323
448,10696
457,11119
407,8235
136,1352
96,15035
230,10165
110,13111
290,12033
140,10816
337,10386
105,14783
285,14085
219,13119
212,2601
477,10168
479,6091
292,5196
330,10938
259,10220
293,10526
62,13287
355,13045
12,10834
335,1221
327,5510
27,4398
75,10655
457,8361
181,568
350,6632
152,9309
388,1129
141,10883
335,10964
284,13281
274,8761
385,2431
151,13842
254,12504
218,10132
331,12160
400,10374
102,8773
56,4232
332,5605
320,10402
333,4492
470,4955
87,4385
48,10226
229,10164
166,12925
264,5083
282,10395
17,12812
327,14598
261,13036
385,4485
284,5015
356,10527
288,10234
34,6402
273,6484
345,12222
253,1224
283,8060
313,4235
325,10963
47,12802
27,7633
334,9490
96,10219
281,4387
214,6292
440,12925
420,8186
32,10219
446,6277
378,6451
325,8662
316,14675
253,390
258,6997
271,4391
331,1068
151,12514
252,10231
229,10776
351,6080
101,4965
349,10175
275,3880
107,5433
163,10895
419,11125
434,9214
331,5105
149,8827
331,10238
218,8203
205,14767
340,15284
268,5186
82,10368
329,13102
155,13592
327,10483
341,13842
38,11327
308,12450
153,12172
52,14302
109,2440
204,2468
297,4283
467,10527
333,2442
131,13285
274,7029
102,2475
195,9339
77,9314
27,3185
289,14797
281,5107
263,4461
457,3157
347,10725
267,14973
337,15154
463,8363
340,14059
469,6316
260,14137
169,7163
326,10723
109,5077
393,10386
160,3696
401,13102
150,5202
313,9216
353,11432
82,11136
416,8421
393,10729
337,1254
261,12443
185,8967
316,14432
73,8615
417,9205
346,5240
173,2485
265,9684
161,10399
344,7526
403,5132
241,5370
334,9321
82,3644
356,4416
132,14059
351,12443
312,6456
395,9044
275,8287
346,6278
286,11565
159,10483
88,13779
170,5839
338,9443
282,8798
111,5432
344,13606
136,4232
447,10116
226,6457
139,2442
134,6738
170,12201
143,13959
272,7024
355,10165
324,10880
399,2542
150,10178
406,9828
472,2486
347,12924
271,7633
457,10694
322,12201
194,4955
423,12807
327,5083
439,1235
310,5252
417,5133
135,14246
69,7765
150,10875
87,7039
381,8300
332,14768
277,13280
171,2433
214,6483
97,8984
231,5239
448,9435
266,10112
274,11352
45,8079
53,6203
143,10887
209,5151
419,4233
324,1091
210,3812
344,13966
80,7102
38,4477
70,12206
209,10487
415,3683
216,2438
194,4399
285,4464
317,8615
205,3199
319,1115
394,1128
272,4394
388,14446
412,14433
469,1362
457,12474
475,15260
273,9483
294,10894
461,9768
332,6453
317,10115
106,8433
105,5258
230,2493
395,7044
343,6265
140,10598
84,7844
332,14437
463,14451
461,10115
291,8915
397,10509
324,12912
327,12799
140,14918
434,3142
406,7876
14,4462
442,3202
231,11371
159,9487
248,10168
210,12015
103,5002
370,9451
278,8420
14,2495
346,14144
257,921
150,3525
453,8645
264,13045
340,7008
198,9805
380,8072
377,12036
88,15033
145,10482
332,10742
452,5047
211,12055
72,10526
81,2475
332,8468
328,12500
399,9753
172,8962
274,10494
286,12404
279,4633
403,5110
79,2506
159,14796
400,13578
48,14365
129,8315
276,6522
383,1115
258,1112
94,4463
459,7029
83,14088
352,5185
44,13604
207,15233
458,13028
294,7417
339,4243
174,13823
346,2235
410,14982
93,10729
217,12332
205,4487
97,2325
473,5194
139,12924
206,5006
343,10211
159,4967
353,5194
413,15323
319,7155
452,10388
460,10240
395,5445
203,10392
344,2496
381,10220
284,1308
267,7003
467,12012
205,876
451,12222
194,6506
397,4273
170,1237
329,9727
394,1340
319,7242
316,9633
283,974
448,4279
374,11422
462,1523
329,8803
161,8662
95,14345
202,13281
346,10177
146,6635
36,4340
207,10487
85,6130
416,12206
136,12204
144,1129
153,8900
254,8664
398,4946
274,10490
271,9572
283,8654
353,12202
274,10389
388,11973
350,4232
46,12993
275,5162
115,5133
259,8978
324,9442
34,5116
273,11919
461,12923
319,11675
384,1214
343,6108
209,4366
153,860
402,409
406,5135
131,4470
313,1352
430,4232
355,12207
463,14973
311,1403
469,4515
355,10232
268,10896
292,6997
270,13832
160,10723
268,5422
138,10598
452,4511
314,4476
271,7725
145,4515
384,13032
379,13114
413,14423
456,10982
160,8799
228,6997
165,6439
460,4360
255,11371
395,13183
148,10885
337,13119
390,5195
386,4366
272,6978
338,11845
273,11753
270,6426
169,4644
129,13583
151,8750
270,14139
214,4394
144,13570
23,6995
148,4398
395,8153
276,13788
251,4234
197,11439
444,13005
328,9675
215,6160
51,4233
354,4236
246,7890
469,4576
142,4461
407,13814
368,4290
412,14123
79,10895
456,8767
340,10238
276,8979
459,9572
404,4489
347,4346
132,10712
454,6171
274,12201
275,13081
137,8975
328,10399
288,8964
284,10401
169,14059
448,4477
336,4399
422,4532
37,4402
270,14112
52,4536
357,8074
344,10176
154,4430
349,4298
105,8975
152,6189
154,8793
274,11163
358,11192
107,6084
268,10491
100,4608
214,12220
401,4309
100,13045
148,10118
327,10156
347,5244
375,9684
206,4340
66,15332
91,7002
118,4290
380,9506
358,4355
481,8074
437,4524
190,14426
463,7003
271,14155
267,9530
172,4653
384,5255
329,10119
101,12997
297,8972
281,4630
34,10386
226,14127
161,8799
208,4580
380,15337
278,5440
139,4526
362,4527
445,5382
387,14145
167,14182
347,4526
286,9706
164,4583
210,4293
69,6142
339,9694
91,8750
278,13101
25,10115
201,9699
84,10879
380,4521
195,5423
452,6626
325,13934
153,10239
131,14064
278,7311
266,9636
286,9553
329,4309
264,15318
202,4357
235,8731
316,12992
353,5481
251,4352
347,4633
215,5200
317,4343
11,5239
223,10237
47,10717
170,9633
149,14465
438,10226
72,12992
327,10159
332,10713
438,10399
398,11690
320,4353
350,12201
334,5229
332,14061
16,8793
463,14115
459,15313
17,4576
282,4522
108,6618
269,4652
311,7764
215,10240
402,4249
353,13058
144,4293
219,4635
26,11226
157,14062
404,7245
147,6410
6,11675
93,10526
69,12086
375,5432
325,10389
10,9574
383,15332
433,11243
74,4299
150,13052
279,8652
386,6496
87,12186
339,6624
404,7874
330,8956
380,7286
168,8979
124,6988
215,6414
331,7545
449,5439
470,7526
169,15323
91,11583
221,10175
258,13102
464,9573
458,6140
320,8960
447,5387
321,5475
271,15313
335,14137
320,10242
151,5244
356,11606
272,8334
186,6986
398,10401
335,8116
202,6108
282,8266
123,7770
253,6454
319,7053
50,5376
357,6507
363,6508
391,10155
396,10391
328,8079
221,9514
151,8325
333,6406
389,10156
112,5368
166,6402
190,6456
420,7706
292,10706
216,10610
331,13966
281,10236
324,11677
435,7285
321,10235
204,6405
317,10713
280,8328
35,14080
333,11761
106,5427
142,6910
208,8047
215,8080
333,7532
47,13104
194,5318
160,10124
231,14062
93,12994
209,10160
349,6383
192,7417
404,10368
232,7342
78,8084
311,8073
400,8180
197,8184
103,11685
252,10593
85,13991
7,6091
103,15332
293,5375
331,7813
85,13102
154,6483
457,11694
51,7285
430,7348
382,10234
256,6980
463,5389
89,8118
292,14316
151,10114
385,10873
343,8200
35,10896
219,13842
249,11248
86,10374
446,13103
288,5438
165,10235
214,11205
417,10232
477,14723
386,13750
451,8320
97,5356
11,14005
258,11725
414,15033
287,5374
69,10165
124,6631
335,5445
400,7818
151,5322
350,5365
353,10164
443,5474
281,6550
292,11241
350,8072
436,5376
387,13102
357,8315
416,8316
83,11631
203,5439
92,8005
43,5474
443,5374
342,5356
446,7118
393,5314
285,10221
167,10719
90,11626
93,10156
451,5445
82,7870
403,8319
223,7212
159,10666
324,7246
474,13113
380,13103
273,5481
398,10521
346,14806
343,5448
318,5374
404,11662
344,10897
259,14917
354,15025
327,5474
270,5450
11,11420
217,7510
341,8324
271,8329
260,11247
390,10160
430,7286
392,7339
395,5319
370,7531
68,9982
350,13417
44,8316
382,11202
158,11246
380,5365
448,11079
329,13093
279,7243
409,9397
141,8324
346,10392
403,7343
328,13070
161,12035
400,13071
279,5323
333,5393
326,8323
332,5232
279,14599
155,8319
98,10633
158,13070
324,10392
336,13052
17,13107
289,7174
335,10286
332,5476
133,10711
188,12746
88,10401
172,7042
263,12972
207,8320
312,7896
87,10450
214,8234
67,11193
335,8300
327,14660
272,7090
226,7526
271,8083
103,10725
156,4836

fold along x=243
fold along y=7679
fold along x=121
fold along y=3839
fold along y=1919
fold along y=959
fold along y=479
fold along x=60
fold along y=239
fold along y=119
fold along y=59
fold along y=29
