
> advent2020@1.0.0 day:13:c /Users/steveblack/Sites/advent-of-code-2021
> node build/day/13/c

tp.output
.........................###...................
................###...#####....................
.........###..###.#.###..##....................
........##.#.##...###....#...####..............
.....#..##.###..###.....#######................
....#..##...#.###...........#####..............
..#.#..##....#................#................
..#.#.........................###..............
#.##..................###.#....##..............
##.#............#.#########..##.##.............
##....#.#.........##.....##...#..##............
.####..#...............###....#...#............
.##.###....###...............##..##............
...##........#####.......####...###............
...##.....#......##########...##...............
....#########...............###................
............####.........###...................
.............#####..#############..............
.........###############.#.#.#..#..............
.......##############....#.#.#####.............
......##...#########.###...#####.##............
.......###############......###.#..............
...........###...#############.#...............
.............###..#####..###..##...............
..............##.###############...............
................##################.............
...............########################........
......##################.....###......#####....
......#.##########............################.
................#############..................

2181,1904
1040,987
2028,329
647,468
2107,1125
2187,598
1327,1135
462,1142
1836,1138
2425,459
2805,457
799,458
547,465
207,1135
2193,147
2411,1074
3059,971
1275,970
1250,1066
402,1057
2039,1080
2098,110
2570,215
2181,459
2203,1130
2860,1081
2127,638
894,89
2002,1138
1731,1125
258,1138
1794,1138
1636,129
1974,585
1442,978
952,102
1662,996
954,1127
2950,1038
1063,1198
2815,634
1848,996
2116,1131
2074,1088
1125,1125
562,66
832,1192
2041,465
1336,962
2046,136
1222,986
212,146
2766,143
1831,1198
2038,1136
2380,469
1829,4
501,476
1056,50
2277,1118
1948,1137
2042,1139
705,1141
1465,458
1156,1184
2430,1061
3050,85
2608,629
2944,89
2759,1130
2035,463
510,89
2576,1132
2214,591
1940,589
2622,148
1662,1188
491,89
2548,1081
1996,459
401,465
1308,11
1050,635
172,31
2282,85
2185,585
1127,403
1744,105
2978,1004
1849,1070
2565,1135
2604,128
2185,476
416,158
397,1190
2186,215
989,641
2998,1068
1635,1041
1982,1134
881,1039
935,1133
2498,1186
2570,1029
1663,466
2750,627
451,150
1507,760
1943,96
3003,972
1553,400
1225,1081
2414,209
938,153
1763,400
977,590
2874,1127
2086,1062
1757,675
2282,1118
2511,143
553,1141
2194,1134
1526,889
2216,896
1071,710
271,1039
890,147
2571,155
1842,1120
1997,931
2368,192
1193,586
2099,18
568,1099
206,1194
2422,894
1450,1073
1944,406
2179,75
543,1183
2039,1142
1470,707
1282,1142
2196,163
643,124
856,139
1644,414
1793,476
2705,592
107,616
1230,105
1567,964
1882,1142
1748,160
1260,202
703,1135
118,894
2905,1196
1821,196
2279,96
1026,1136
2132,723
1807,943
1080,654
2019,1130
1667,708
1229,47
1792,586
2047,203
2578,900
2512,637
2957,1195
2179,596
124,419
846,654
2272,737
1982,163
2040,46
1076,708
512,1187
1504,732
985,857
2078,1062
2027,616
2148,648
1995,724
2602,466
1762,11
2513,943
2573,586
2494,196
1119,194
1614,654
1225,939
127,1434
117,1440
1770,400
1656,1434
2857,700
2396,1474
19,212
2238,1432
655,584
1242,1438
1050,1438
1994,215
1043,65
1074,901
1748,1031
1528,1188
2019,1437
798,1026
1796,1436
2704,267
637,537
2237,563
269,1443
270,562
2315,1438
2125,657
1062,591
2228,560
1933,198
405,1447
865,632
1696,1192
79,164
2037,1401
2242,1452
2468,744
1599,1443
2370,1450
2375,1435
2573,1039
2619,1445
2667,1405
2189,943
2173,1445
594,658
2195,1445
2106,1418
2230,144
1417,220
2010,1191
2249,895
2860,1455
1928,1059
1792,1028
1467,1446
1759,1018
2085,1400
1985,563
2417,336
1553,160
260,147
886,337
226,199
2763,1440
206,1442
1279,1458
601,1504
2179,1450
999,586
2496,196
793,1118
484,232
2034,1414
831,1402
1937,1457
2081,1087
2141,1409
1703,1133
1083,1450
1267,1440
1639,1418
2029,1432
2889,312
1816,846
2047,906
2239,1443
796,1492
2860,108
1367,587
2412,1459
2836,1267
1805,1283
2411,1205
1051,1437
880,182
117,1010
2368,1432
1791,1461
1938,1281
364,1291
2031,1400
1085,1419
256,258
2573,1444
2125,1325
2080,706
2049,654
483,1437
2524,1492
1434,1287
2811,100
2961,1404
1563,1222
701,561
1854,1387
1850,1303
553,208
2180,141
1133,522
1845,1384
2191,1257
2038,846
2323,1322
2861,1390
2191,160
314,1089
2558,703
1889,1278
293,1412
2654,159
171,1340
2188,1275
2993,1287
1903,1028
1601,1033
1029,525
552,1381
2373,1287
219,537
1450,1321
2048,1323
1041,1322
640,1396
2669,525
1708,1397
2018,1356
2779,543
2263,1330
2409,1321
1839,1449
179,1219
2714,560
845,1287
2623,1135
2941,296
1359,725
1509,1118
1457,1039
2434,1375
1425,337
1759,1212
695,1435
1990,336
1331,18
2104,1342
2509,1322
2525,1341
1134,1467
2033,662
2367,1135
1255,1074
2472,1242
2124,1260
992,1405
1750,1387
587,19
794,1390
1916,1186
2083,849
2046,1421
1600,550
2585,1288
2699,21
2040,706
350,1321
984,1286
893,1321
1751,1262
2123,969
669,1252
1257,1335
1234,1217
2027,1441
2084,744
1989,927
922,338
1653,1440
806,1335
214,595
85,65
2047,1076
498,1404
1323,708
2085,1445
2367,580
92,978
507,643
25,864
2468,1319
1977,342
1993,1323
2420,1490
504,1133
1610,1449
503,319
2872,1131
2795,1320
2137,1366
2029,252
341,337
1562,744
2571,1258
940,658
1432,846
1238,236
1056,298
2644,94
2095,1112
1792,1281
269,1079
502,1136
2510,1442
905,95
2570,577
1069,1385
2964,1334
2999,1130
1647,1257
1567,1018
2270,1135
2238,1275
1747,1142
1893,478
2095,1360
669,1350
491,1397
2887,1418
1661,1288
2105,417
871,1184
2595,1439
2030,285
982,1090
1799,275
2582,1385
2862,105
2757,1305
2071,1396
2098,1419
2083,1457
254,1443
2730,1086
2592,1290
648,318
562,414
2366,1355
2808,1328
1403,282
2093,1276
1457,1287
1601,1322
2483,1013
472,139
2538,715
1264,808
2197,839
949,762
2814,1218
2080,1276
1993,1258
1129,1447
2960,602
2858,728
2176,1250
2195,1322
2031,47
1808,329
1660,706
1528,839
1275,1381
2238,707
982,38
889,335
2434,646
2568,339
2424,418
274,624
2558,1392
1982,1187
2953,1401
655,709
1097,1335
2024,1290
2194,1259
2232,270
2046,396
426,1086
532,715
2090,1449
2565,976
2037,1195
2802,1404
177,1322
2334,439
1359,1328
751,368
933,1504
972,1058
2225,1259
407,849
2403,135
216,1477
1982,1531
1938,701
2486,1618
1217,1419
2813,1570
1264,1420
2271,1652
2630,832
2234,1089
1665,1687
833,1421
1526,1653
1808,285
1423,1323
2187,1220
1038,220
1558,740
2960,1633
968,1666
1449,900
403,1638
217,1662
1999,330
2110,1538
110,648
456,1310
2945,208
1996,394
2617,906
1364,1259
755,1702
877,833
983,335
1070,1655
2109,607
2179,1092
1792,1184
2765,1259
2020,295
478,1290
890,1540
929,613
2858,656
692,1283
2225,1658
2001,1049
2526,1218
828,1644
845,1462
1193,1645
2368,1192
2228,708
1221,1530
1214,675
2148,1644
1937,590
2609,1531
1126,1286
2911,1553
464,597
1036,677
2120,1343
2754,1698
1420,1414
2655,1514
415,1679
2945,1317
2230,1088
2268,652
1410,1698
1412,1315
1567,1212
1119,1018
1711,654
2188,1588
2490,1127
1845,1651
1127,649
256,201
1606,435
2946,1698
843,1162
2041,1444
363,1258
1517,1582
1334,342
2578,825
935,1413
1421,1259
1940,1393
234,1583
1131,708
2079,847
2364,1644
1023,1378
2408,1653
458,203
1994,1569
2380,901
401,1698
731,1392
2229,1384
2863,1074
1376,838
1047,1308
849,1277
545,1261
227,1582
743,96
1501,1252
1657,335
1312,1309
2893,1322
2494,1188
1132,959
1559,1395
964,1163
2118,1639
495,584
1702,711
2630,647
1568,1135
2013,1350
2700,1244
1931,580
2816,1667
747,1569
2947,1142
2043,1641
1431,1418
2608,597
1798,170
1850,1585
2946,1575
255,1348
845,59
1035,1335
314,1319
1565,21
2083,1281
2814,701
992,342
1082,1612
2571,964
881,1512
2526,1431
1829,1686
2029,1284
891,1257
2419,1403
2002,165
1025,677
1021,1288
499,724
1734,1335
889,1366
2677,1644
1026,656
882,1699
2749,149
1080,401
2301,753
164,1008
2525,1663
363,724
1369,1290
1373,911
1928,1343
980,1467
2045,1686
2511,1404
188,669
2408,1307
1840,1399
2130,1027
1465,1524
1843,666
2376,398
1311,1212
1042,202
2465,1307
2989,1036
972,810
2577,252
648,1664
2411,585
33,1252
2272,1245
1656,1328
306,1290
2775,1528
2131,1574
2667,1142
436,1644
2884,359
370,1284
1665,1288
2527,1404
2030,845
319,1572
2667,1638
2956,394
2082,1347
126,20
1142,1334
2044,1151
926,336
1760,1651
1051,1439
551,1262
1065,1677
1024,653
559,1404
980,1530
2185,1570
2995,1150
1408,656
129,296
362,1581
2461,578
1732,1686
2609,1658
502,1390
181,934
1219,1574
1655,1289
2136,314
2047,1540
1429,1181
653,652
2801,213
2002,1515
2023,1308
1562,1552
1817,1288
842,1274
1034,655
540,1082
2180,1560
1437,196
2338,1330
2676,802
2626,338
2240,280
1714,1216
1071,1307
2567,1663
1071,1574
1991,671
1234,1520
2797,578
2059,214
2416,1559
2096,1282
735,1212
309,1651
1915,318
2619,1506
2507,1272
2519,1584
2611,1634
2432,1545
2430,1260
2027,476
878,1408
2993,1485
1183,1514
1193,1396
1598,1695
1652,1029
2580,81
932,676
2379,1576
2414,106
556,1577
2605,1645
2942,1137
669,854
2042,1365
2093,1330
1269,457
1032,651
2006,157
2382,678
1770,1582
1751,1636
2287,1646
1508,1422
1035,666
2143,1667
2511,391
2753,1694
122,993
2142,913
1517,1630
181,1220
1702,9
2730,1582
491,1057
1860,648
572,1558
2043,75
1356,1464
2021,500
1029,1333
1798,944
1334,564
2170,1644
660,648
1319,1262
1611,1658
2425,1172
975,336
1809,889
2895,1334
2009,1288
1745,1698
2406,355
2095,1640
194,1310
2406,635
922,648
2861,1258
1716,1693
1799,1575
1708,585
1633,730
2645,1645
1127,335
1662,1538
402,959
2498,116
939,1574
397,1170
2048,1667
2324,1152
2559,1540
1226,1568
2504,563
362,126
1039,229
1024,652
2952,1361
2767,582
1855,1516
510,1542
1996,1614
2578,338
2037,952
939,589
879,659
2385,1568
31,639
1300,1582
456,1632
2757,1530
2805,409
2676,289
1472,1163
1804,1188
1951,1694
1791,1631
2183,1336
1617,1073
1652,492
2899,589
2405,1288
647,1514
2506,1693
198,1396
2664,1738
222,1756
2757,1055
1370,744
220,1347
2896,1715
1071,1447
1990,654
1179,230
985,1529
2033,1444
2563,1028
464,1385
1001,1081
2038,1820
2275,1326
396,1730
917,1081
943,1144
2892,810
1987,643
881,1283
1080,1244
1314,1347
2803,733
1821,1786
1030,1812
1321,414
1454,1277
2946,1822
2242,1412
1415,151
489,343
2514,1386
259,100
2241,329
2171,282
307,1249
2369,1421
1790,1793
2634,338
459,1812
2488,1330
990,226
1887,687
658,825
300,1515
1615,330
1503,1788
2414,1098
1135,1095
2492,1788
2480,746
1223,839
1836,1217
2981,4
111,37
2045,514
1409,1669
1924,1375
2870,1418
1269,901
183,564
1018,280
1609,1754
1507,1752
2811,1632
2186,1157
2521,537
1984,1756
1799,1147
495,1398
2605,1385
894,1542
2238,1790
1042,1134
496,1415
2521,692
1738,1657
2288,1173
1022,1279
2817,825
2285,284
2093,476
258,1159
1834,1254
1460,1158
2800,808
1854,1450
2765,1508
1416,1361
2558,1134
835,1574
926,1646
2004,662
990,1756
1626,1347
502,392
590,540
891,1632
842,560
1936,1467
1374,1290
2387,1693
2131,1829
216,733
1003,710
200,922
1849,1305
2689,1745
886,1645
2518,826
1976,1150
689,723
2887,817
1135,1576
2032,1287
2993,1658
2865,1678
509,1040
1051,1127
212,1254
1701,1687
1357,1749
2224,908
739,525
181,1048
609,1404
2438,1640
2080,640
1806,35
77,1485
369,661
891,596
1216,900
1217,694
449,1655
3006,1421
2005,1677
2574,1258
2000,1465
1600,1081
782,660
2194,675
1660,646
2574,1581
1075,1823
177,663
2209,1786
92,1474
1552,1467
2487,1165
2955,642
2630,1335
2438,343
1489,218
1317,133
776,1157
2718,1452
561,1749
2672,290
2048,675
2225,1737
503,159
410,1504
1951,194
978,1577
2028,1217
1628,1004
1032,1088
1841,1016
2353,1830
1031,468
2185,1258
1750,1469
725,89
511,1540
2039,330
258,1280
1956,150
1075,1812
2423,1831
2518,1156
1653,1539
1841,47
1841,966
2615,1311
2617,1202
1980,1412
1808,1633
1992,1091
1083,1798
1809,1616
1980,1312
2521,150
2045,1570
260,1835
2412,1656
964,819
1024,36
2891,1013
1405,1288
285,1289
2773,1087
2552,1646
2234,1319
2079,1419
394,1751
896,1187
1508,1684
1275,1716
785,284
2046,1057
1086,1756
1814,1172
2084,478
1666,1375
2035,1068
702,1140
2764,1654
1903,1080
1734,839
359,1333
1260,1740
542,331
2203,545
2234,1552
1047,908
414,1729
2058,1330
1090,670
397,812
2291,1572
2095,1646
1520,1322
2900,723
1716,1317
1085,228
749,284
1802,1056
1810,675
2125,1380
2524,1524
1272,1328
209,1326
1756,1347
1311,1649
2610,1290
1893,1445
2225,1051
983,1559
895,1135
1661,1317
2431,1698
2996,1422
2992,1468
2858,1822
984,629
1991,1584
1928,1321
2054,1640
1314,1450
2506,289
1366,1469
1988,1319
1172,1755
1078,1158
122,1387
1803,1440
1930,289
2619,1136
2180,1540
594,1386
2237,169
455,386
259,1574
2019,855
2962,675
2260,1391
1655,1336
1031,150
1997,324
989,1307
1898,1755
645,679
1542,404
1351,1165
2041,1324
1153,257
1108,1582
841,1754
1503,1524
2583,377
2028,1368
2191,830
2566,1575
2889,1220
2462,1824
2379,1455
2088,1090
1721,500
2422,1088
2626,702
2180,314
1754,1319
1588,338
1398,648
1608,1090
1793,663
940,222
839,660
2767,1447
2468,663
544,1431
1855,529
1325,1258
407,1579
2413,1697
1069,157
658,1157
2178,419
1853,1694
2196,1193
1659,760
2474,902
1833,1182
1887,840
2944,1714
1047,377
838,270
2076,1644
1987,1176
2669,1457
1690,150
1941,535
1375,734
695,88
2777,1686
126,1714
2034,412
2812,823
2523,760
2380,1290
3004,656
783,783
1026,915
2227,339
1838,152
2034,1026
475,1127
1730,672
2377,598
3041,1713
2390,603
1996,1290
2138,663
1212,1810
840,1584
2811,954
2560,790
1520,660
2097,1678
2102,1419
1044,1817
2564,1464
138,1826
2667,642
2190,311
1097,895
1788,1818
1179,1752
1613,1287
1866,1644
557,1039
2423,151
1043,1273
311,1147
929,319
1907,1402
1230,908
2190,1671
1993,1683
1348,359
1979,460
2421,220
2182,1824
1259,1258
839,1266
2794,1193
1890,500
2190,220
954,359
2176,676
2863,654
1753,274
977,1214
2042,1510
836,326
408,1145
653,1427
1140,231
2701,657
980,1715
508,1411
2198,1307
559,638
1915,855
1130,401
1024,1329
979,642
1131,348
2532,1206
2078,1247
2577,1730
1644,1320
1072,885
1954,1644
983,1647
2020,1750
352,1090
655,1039
2512,1701
886,98
2672,1442
2091,1571
1226,1715
1423,1039
1658,775
1651,724
2090,153
2558,1341
2523,537
1993,1754
464,1217
1886,329
962,1310
118,1683
2095,1328
1756,458
1877,337
1144,1396
2902,513
1030,1286
1817,1412
2958,1811
1954,1150
874,1157
189,753
2039,1390
1078,672
650,1817
1662,1724
1146,1811
262,158
1281,1622
2517,1320
1183,770
2403,1041
2423,693
2793,652
1699,1222
2814,1786
2984,1099
2176,1326
1252,355
2181,1550
831,1205
744,1732
1321,1282
2202,1536
2617,1530
564,701
1753,47
900,338
365,706
1378,1499
2560,1286
2479,1257
2123,1288
2379,1162
1902,1715
1998,75
839,716
1613,47
504,654
2514,1199
2381,1259
2049,1646
1790,539
649,1390
1808,1258
1362,658
941,1330
1977,1640
2370,1634
1215,1453
470,1379
1263,1717
2079,1667
2521,336
283,1811
2472,1090
2388,81
1657,847
1266,1188
1216,1834
2508,1756
411,1326
1796,370
1803,343
2019,1685
114,1290
2560,1542
1718,1308
2570,655
2002,924
507,601
1645,748
2910,1192
92,508
1465,1070
1836,924
2766,1174
990,1415
2486,1329
1892,478
1085,1694
2960,1098
2763,1449
2403,1289
1696,1290
1028,865
606,1724
2587,1437
1935,1095
1805,695
2751,1338
3039,1788
2030,1830
1236,1254
1346,690
1614,514
2076,199
2950,920
1996,521
895,847
1839,1400
1276,702
2378,215
2127,1334
1052,978
1608,1584
648,337
990,337
2666,1219
228,1832
2910,1275
2137,1398
2039,1324
1743,1717
1221,1305
747,348
973,1668
1979,1522
924,834
681,1182
1565,269
774,1831
2057,1087
1699,537
2417,652
1029,1798
219,1445
462,840
2046,586
1644,614
2801,903
363,81
1988,1436
2998,1584
2322,1402
2566,654
263,1823
1236,1321
640,396
1277,1570
1796,1540
1854,1834
1508,560
1075,1455
1163,1281
1825,1350
440,1335
1982,1659
2476,405
1231,533
1972,1644
1981,825
210,882
2682,631
1946,1159
1323,1829
1558,1738
1127,1579
1168,438
686,1757
2599,139
2894,540
1741,810
2613,208
1789,1321
3021,1830
1842,1654
1342,1311
490,165
1741,1172
833,1813
2511,648
1955,1582
1949,844
988,1450
1807,660
2237,1322
736,1565
2020,1347
2672,1322
1231,1447
2049,1349
2713,1150
839,275
1796,775
1983,1443
2041,1718
1652,1405
1998,885
465,157
1059,852
2321,638
2227,533
2629,342
2102,1667
1030,70
1809,1322
261,1366
880,1800
638,1793
1256,393
1884,483
2287,838
641,1161
2667,840
321,1141
2480,290
1024,1714
2047,213
2664,1732
256,1724
895,1434
2425,1824
960,671
2808,706
453,1366
2811,1574
265,643
1613,474
1280,675
2949,1006
1548,66
318,1192
2613,1395
1695,1649
2770,1138
2378,824
1418,299
2298,426
172,1397
1610,291
2488,640
1932,1730
861,1313
1662,1699
1805,470
535,586
2892,66
1025,821
929,1071
730,1702
2413,376
1559,1671
2423,1289
1280,1181
2176,1542
248,833
1751,1345
2376,76
1652,1274
695,1378
2472,892
304,1390
2203,1437
2401,854
106,728
2321,1698
2586,1750
2659,1529
1512,1738
2282,209
2032,35
1216,1082
1745,1158
181,762
1323,1274
2041,73
2189,470
2114,1313
1773,1210
2405,694
2422,824
3041,873
1461,770
2308,1351
2724,1832
2334,1245
2857,1200
2313,1305
651,1819
1711,120
1064,1825
1995,1716
1989,1111
456,1390
974,1059
1559,1641
2438,1639
2566,1133
1077,724
310,1149
403,1359
2404,689
1609,1212
1796,1662
1759,660
1844,1568
1760,255
276,1471
1600,1756
452,893
2329,864
1950,546
2836,95
1807,1753
1893,1470
2098,1262
2861,1832
1069,1482
1852,711
2753,1027
2310,1831
1461,1754
765,1725
1996,1654
2988,1817
2181,726
646,1340
2571,1274
2330,1125
2703,1144
1610,1691
264,339
1747,1829
1452,528
924,1148
2040,348
1640,1746
1457,47
2036,870
2127,761
1358,1282
640,1306
940,1264
2522,690
2228,1195
1335,1467
1908,759
2952,1390
2755,1822
2296,1188
1132,634
1991,628
1079,660
2483,1713
2545,1082
878,292
2706,289
1832,1645
2657,1261
1797,1444
459,1258
2587,1289
170,1325
2189,1512
648,273
1790,1181
1615,1652
1605,927
1895,1579
1804,1634
2425,1303
2857,208
1125,1445
550,629
2475,890
2172,654
2380,282
1061,1288
1162,1693
1216,1450
1670,1824
2171,708
1836,1520
2801,803
2516,1273
1612,1358
869,1288
1177,1470
601,478
2411,1322
650,492
1882,840
488,1684
1127,1333
1715,1288
2811,1339
3048,1257
1987,1832
2276,1238
962,1108
360,1717
2852,1241
1888,1165
1025,911
2907,1222
1625,420
1938,1023
2235,150
795,1457
1463,852
2605,157
2847,770
2238,539
266,1304
2956,662
1267,542
1269,1056
2684,1558
494,1830
544,1756
1847,604
1083,184
1124,1238
1984,846
2981,1562
2804,775
968,1060
1023,1631
1609,533
1552,267
2331,656
894,1028
1033,1570
2025,1181
2034,864
2425,695
2481,660
1950,1436
1617,420
2959,1717
2606,327
462,1385
976,105
682,1320
2043,1629
2047,451
1040,1144
2137,478
1922,194
17,1822
1794,327
1795,1716
2369,1678
209,1079
1461,939
1079,1472
1809,1358
1031,1514
2030,1132
309,1258
1037,1237
2406,1347
2672,1822
845,520
1832,236
1238,1746
2415,1822
269,539
2997,1754
1614,1800
2574,1142
2233,295
2376,1584
1420,1290
2715,1752
501,1506
1044,1037
1986,1703
1754,1306
2676,1223
965,77
2372,1303
513,1328
2560,594
1897,1567
2047,1531
1998,770
2468,1238
2652,652
1926,276
559,1717
1549,1159
1040,1137
1899,1258
1038,1947
1614,776
1641,387
1851,1176
1644,1383
2227,324
2604,1520
2090,657
2807,1006
2095,1839
2381,763
1186,652
1658,361
2030,1842
2433,1435
1567,330
396,252
845,683
2249,1087
265,409
2885,1482
593,1330
2565,36
2801,695
983,346
1601,924
1517,1698
2599,1843
2047,1195
1599,1839
2863,1257
1953,1640
1606,1547
1741,1678
2878,1311
2421,724
2763,542
1340,672
1065,1702
885,1258
2085,670
2632,342
2800,1918
468,1320
2233,1202
2817,1157
2577,376
2046,1061
2190,919
2108,1558
2114,669
2895,1830
1902,1467
1984,1260
2221,1073
1752,1262
1073,1259
2482,1216
1738,325
2025,603
2291,1272
1610,203
1982,1840
2684,424
1065,603
1276,1357
2028,202
109,337
278,603
2375,1311
1937,328
1041,330
2231,671
2214,1391
1437,1847
1701,1290
2032,1918
1877,1645
1078,1310
938,1829
1033,1584
1715,1219
1641,1379
210,1397
1745,590
1649,1259
1946,1238
322,288
1898,1856
2825,895
877,285
744,740
77,1287
1939,660
2578,1656
1043,638
1855,1453
2968,1887
1990,996
2573,1320
2085,786
2563,1151
456,592
1999,535
1455,330
1268,1274
351,468
2182,1328
1470,550
1023,1076
2192,1157
2046,656
644,1345
1983,1769
504,1276
2672,1484
1992,1387
1383,1707
1746,527
2285,724
1606,1616
2148,1832
2185,724
2374,1581
425,1396
508,831
1275,1882
1520,1315
2814,1724
2324,763
2521,1849
2766,1074
590,1442
2280,740
1939,1638
2116,851
872,833
2416,311
1607,1831
2327,849
288,1684
504,1038
2564,1658
1648,770
2129,220
1937,1698
1066,728
2612,1119
346,1832
657,1149
600,1328
1931,1702
1841,344
2292,1751
2032,695
2319,103
1364,93
3003,536
1795,1381
2028,1358
2391,1776
165,786
1557,560
126,1700
1596,1375
268,1188
454,252
2132,1325
898,646
1548,1916
1085,1288
1657,1135
1650,422
399,654
2613,1506
178,1172
1796,1345
2132,1259
1183,840
2564,629
593,656
1066,466
265,1918
454,1712
1130,1581
587,269
1940,1755
882,1179
280,668
1040,995
2792,1099
1745,150
1277,412
685,414
2324,1219
1315,1470
2315,1572
1044,653
1610,1882
1832,652
1719,817
2037,409
2570,1862
2433,336
2962,1368
2179,1116
2084,1237
2607,675
927,685
303,1447
2434,322
2387,390
1838,1329
2969,1562
2027,1917
102,846
2859,401
2432,1793
760,151
660,1334
851,1693
2041,1909
501,1258
1033,1449
2176,20
1843,164
178,1216
702,1330
2046,1396
2087,398
590,746
2040,336
500,547
2289,823
1633,1128
2371,1116
2615,671
2762,1779
457,1754
2175,847
1943,1886
2194,1320
655,1307
2183,1390
2470,279
1242,544
2575,1768
894,152
1522,1916
2092,1397
2563,643
2812,1280
2130,1577
2806,98
318,530
1991,1106
2802,1893
2045,1305
2614,891
968,1308
3000,1547
952,1342
2496,175
1031,835
1613,1440
2041,88
1124,1241
1842,138
1619,1693
1216,1387
257,1326
1994,1367
750,1097
2046,922
1598,819
1450,909
1635,852
2200,1131
2954,1484
2191,1323
2327,1886
2609,1196
1600,1286
649,220
543,1421
2481,757
2394,1687
2899,1393
934,981
2619,537
1811,1258
1082,546
1610,215
2806,1884
2047,787
1022,703
2224,1328
108,1259
1670,1334
1218,823
1081,616
2092,1874
1081,1685
2672,1692
2564,1662
2853,543
779,1272
507,1717
1408,1436
1997,1427
2081,895
1667,1700
2765,931
1430,1684
2805,666
2214,1843
2189,1444
594,1291
2061,1578
952,1880
2365,1337
1615,1818
885,1291
1022,1667
2573,1575
1088,1187
1755,1470
2516,1254
2426,775
1724,1912
2090,1326
270,1824
1023,580
646,1038
877,1404
1800,318
398,1484
2973,1847
600,1703
1083,1822
2037,1584
2511,725
1470,226
1264,64
1997,245
499,579
398,830
2175,906
2563,601
2277,1142
990,640
1127,1647
2937,1086
276,1816
1177,333
109,1652
2578,326
2851,537
564,1529
2007,1528
226,1783
2570,1855
1831,1843
1059,1130
1746,147
1758,1756
2574,1918
448,89
888,1345
1998,597
1362,1397
2028,765
1992,653
2081,675
1139,1320
1028,1485
2703,954
787,1258
2041,649
1795,1266
2078,735
2460,1475
2599,1776
2176,854
749,160
2571,1534
436,338
941,718
2864,1652
2805,926
1561,864
2011,852
207,1830
111,675
415,840
1605,1524
1272,1038
366,1191
2770,1160
2768,1341
558,637
3040,1409
2574,1399
1810,1780
2231,1844
551,1584
74,37
2812,844
2666,589
2175,442
2410,1037
2093,706
1514,209
1795,643
2126,290
2183,414
2385,1429
1280,1633
1756,1832
1833,65
117,443
2390,1166
1992,1883
2135,1886
1844,413
2190,1800
1273,1349
1266,348
1750,513
1076,615
2469,1041
127,1336
945,1225
1745,724
3009,1687
606,1342
2950,944
212,1326
2607,1257
2770,763
2031,1322
252,1312
2085,582
458,1366
1072,220
2569,1506
996,894
31,1652
945,1380
2560,440
2950,1269
355,230
1603,1528
1816,1136
776,825
2561,1813
1039,1753
1928,661
2561,1404
1222,1393
553,1774
2745,1080
1694,1328
994,543
2191,1277
652,346
491,1893
944,1282
2178,656
2035,1274
2595,855
1793,831
885,476
1984,1136
1799,1151
2048,1341
2139,1693
1695,220
2518,1242
987,1629
2007,1137
1449,1917
2076,1274
2558,1187
2223,1132
2321,1820
2899,1829
2222,648
1418,1405
2662,1145
1801,1573
1012,652
1553,1344
1670,1640
778,1751
2227,1162
374,1334
1713,657
1805,1840
2193,1243
2099,1272
2621,35
2135,1395
1523,1320
2656,1286
2806,1643
2165,1087
1981,1198
2084,512
1463,1130
1322,905
865,1847
2036,926
2530,447
2039,902
2377,1384
1767,1707
2794,1816
2467,1693
2141,1369
2047,770
2805,1010
1847,1435
2007,1843
259,1339
2811,1882
3051,1770
1985,1419
2426,1139
2190,1762
1041,540
2092,147
1223,1212
1270,318
510,780
874,945
1797,1366
2662,1209
1952,1151
1283,1700
977,1832
1840,1174
1346,1292
1904,1152
786,1402
1471,1839
212,335
2289,1325
2201,1562
2608,1399
2898,585
282,1627
2914,1499
1268,1174
1982,451
2525,826
1614,393
1263,1667
2009,296
262,713
2805,1339
212,656
2323,1569
1840,1074
1745,1276
647,1539
1930,1693
1843,158
2042,1464
2997,1212
2568,1331
2041,525
1598,724
2301,257
504,407
2844,1082
2433,1272
2562,344
1414,944
309,1043
1081,1366
2048,1279
1035,1249
783,1096
2943,1698
2570,547
2662,1824
1334,364
1804,1360
2216,1385
941,1411
1071,1816
1273,1444
1998,1212
1323,1340
461,723
304,143
1319,637
1748,335
1850,1857
2338,652
2573,407
2368,842
2142,1342
1670,342
1047,1294
1566,460
1746,1455
425,586
1039,285
505,1366
888,1038
1224,1158
2190,171
1188,1142
1950,1729
1614,885
830,266
2582,1746
1793,1220
1492,1707
451,1506
79,1732
2671,1028
1081,1919
2336,1135
497,1444
648,1683
2035,155
2800,1824
938,1720
270,1918
1982,363
2914,1148
1847,852
1275,1629
842,787
2580,1901
2566,70
2182,1564
99,1685
507,1841
1036,1577
2870,1312
2810,629
1791,521
269,695
2862,1877
1280,1443
2612,1568
2426,147
2046,1184
2061,1830
1795,601
2224,1399
1128,265
747,1634
688,1304
2809,1625
198,714
2612,1779
1755,512
851,289
1460,1767
645,459
1251,1847
1044,1329
1801,1400
2136,1703
2426,637
1364,1889
1078,1883
1722,855
1544,329
85,1305
2790,1627
2174,654
218,1362
123,954
834,1634
2511,1839
1031,1832
752,1822
2420,1817
2183,1645
2844,1535
2500,1811
1706,1889
2462,1646
2556,1412
2576,838
1654,1857
1042,1780
2878,546
2034,1570
2808,158
3002,1656
508,1159
855,1137
1605,1450
1276,823
1700,1684
1748,1325
926,1830
2898,1324
1840,1907
1041,252
1931,863
2910,1756
849,1036
1995,266
497,1320
2660,1327
1011,1206
2857,1774
2821,94
1757,1087
2209,669
1913,1069
1076,1608
1142,674
1795,1339
113,738
1849,1530
1675,1768
1794,823
1840,199
573,1375
661,1321
1999,1651
882,208
572,1292
513,1646
275,1529
2024,652
364,1348
1412,1345
2330,298
2415,1273
872,393
1265,213
2987,1382
1993,659
1182,200
1504,460
2465,675
1068,1157
1952,1150
316,387
1643,660
2112,1188
833,304
2035,1316
2955,1340
1635,1847
2041,1798
1815,1285
318,1387
2419,1906
2185,1056
2491,1849
2357,1087
589,1322
2953,585
742,683
2469,274
2572,1404
2496,1436
2218,1720
475,852
588,1102
2185,691
1280,331
1950,907
1170,1693
1796,794
1216,68
2192,825
2034,1461
73,1212
1234,349
1849,1863
1938,1818
2033,538
1144,1578
2705,887
2622,1834
1931,280
1259,453
991,578
2860,527
1540,1556
2173,537
839,770
234,591
2274,490
1271,1327
859,1785
2482,1260
2239,539
1811,1273
777,677
2192,292
463,331
2230,1584
1987,1554
1934,1692
1223,591
2623,410
1946,1276
2810,670
396,1262
2414,1284
2001,933
2861,1506
2231,716
2620,1159
1792,1396
2061,1082
1805,1179
2330,249
986,1504
994,338
1797,1523
403,344
855,845
2613,1774
1119,660
414,1661
1351,817
1636,1287
1263,315
2141,573
1132,585
457,1291
2569,1444
2095,336
1273,1920
2201,420
2558,848
2074,1832
2385,1430
181,312
572,1866
2185,926
2525,704
198,1131
1075,266
2225,683
2039,407
2078,920
1028,1117
1375,274
787,1634
509,831
75,1449
1264,1399
1802,1207
975,1614
783,838
265,457
1716,665
843,1576
2076,1148
453,1450
1076,1715
2730,896
1217,1288
2126,1442
1221,1450
566,1418
798,1436
3039,1652
1646,1380
278,1379
2237,1319
2490,855
2234,663
1703,1262
1605,295
1796,1133
1841,1840
1079,1584
1079,1322
1923,1310
2718,817
821,1087
790,1236
1323,1581
1659,1574
2178,1171
2575,656
1777,152
1416,1709
1815,647
1945,1576
2465,1340
1886,661
1226,203
2045,1407
257,1678
1034,1291
2611,1151
154,1272
2950,1564
2083,1256
3052,31
1042,338
1139,1119
2090,864
2811,601
2612,203
2185,1658
1795,660
1357,657
2804,1304
2036,1274
1836,1633
2094,1877
968,922
1410,646
995,1582
2313,677
1812,789
2585,1244
352,1452
1753,1849
1635,135
77,1234
2216,1901
2411,1397
2509,1172
652,1358
1659,1222
364,1693
2271,1524
2434,1660
794,298
198,1143
2270,1315
1740,1406
2282,401
2472,1009
2017,1375
854,896
1801,1880
1814,810
2965,661
2087,346
1412,1712
559,336
1621,678
971,446
2127,1328
2287,1879
785,1517
300,1138
1809,1404
2184,98
2513,1506
481,1127
2522,1737
361,415
214,38
1171,1901
1759,1631
840,1310
1542,794
940,1100
1943,403
426,896
510,1244
2334,1286
2511,1334
1588,1081
2814,652
2563,1632
892,1400
1073,1923
1874,1454
945,602
110,1334
509,1151
2611,158
2142,579
176,1442
2297,1409
2034,1118
2762,1367
1738,701
1932,1284
1798,153
1844,414
1795,1698
1300,1583
1474,1452
833,1296
955,728
1144,1706
2132,657
785,1879
2330,1684
2623,1151
1639,1184
2912,1328
794,430
417,1206
1811,1320
1418,1490
798,737
2574,35
2563,1641
3002,865
2078,1824
1241,986
120,1564
2046,1561
652,624
2324,515
2516,1844
2103,515
1040,285
510,1202
2084,1470
2080,567
2285,465
2802,1577
2729,337
283,1535
1084,284
2034,422
638,189
1408,794
2028,825
1321,700
1336,1143
1760,735
2790,1290
2375,215
1928,1206
1938,1693
694,1664
2861,724
1640,754
265,1525
1172,227
2090,1829
78,1900
495,656
1220,679
507,954
2694,1706
2038,1088
1410,1336
2846,1727
1740,880
2023,316
262,1162
2766,1877
1158,1706
792,683
1665,710
2430,1202
1253,1686
2469,1708
1974,1397
2514,1874
2615,1266
1854,1756
2758,1244
1132,1023
1274,1835
1649,1330
2381,748
1793,1319
1274,1656
2068,1707
2611,1812
2175,1212
879,1323
1784,1149
1796,1712
1320,1469
2852,676
2613,1291
2132,1327
2664,244
1558,244
1658,989
1120,200
1942,1738
2106,1288
1417,1390
2559,906
2036,1291
295,1198
1646,1428
3004,1326
966,851
510,1790
2657,1341
1842,1844
2504,1419
1354,1693
2118,1342
2389,1082
2179,1632
2102,653
504,706
2079,315
1420,1320
409,794
2410,1471
1747,153
2884,1418
1892,1422
3044,430
2215,845
2949,695
1025,1220
781,809
2379,1534
2156,32
1821,693
2407,1790
496,423
2611,1258
497,1812
351,840
2574,716
559,1080
2813,1040
1793,228
842,374
1420,1560
1644,1568
2037,1034
1365,1696
871,798
1280,1651
1430,1653
2567,1006
648,894
222,1276
2517,208
2034,1577
2120,1666
2031,1768
1745,284
1999,850
543,578
561,1170
2427,596
914,32
1335,1308
1565,1713
1951,964
1845,331
1035,343
1896,1884
2209,1313
742,1209
126,282
1745,721
891,350
2045,1841
1962,1086
1018,1272
1064,1306
1902,1507
1720,1639
2224,351
900,710
209,656
1796,1621
2228,1283
1886,318
1072,1762
1997,1737
2803,827
979,1581
2566,1912
2194,822
1025,1071
2612,1715
2815,580
2283,1258
2016,70
2186,492
2166,648
1753,133
738,1492
3006,561
1806,770
688,1631
2963,1366
545,1278
2375,1378
2037,581
2102,1308
444,1644
1912,839
2596,1347
101,1562
271,1697
1833,1917
512,703
1039,1822
2811,1012
894,1893
1599,539
2040,1328
2078,703
460,469
486,1290
2096,290
1136,290
1542,1143
1093,1640
1024,1421
2829,1640
607,26
840,1337
2860,147
2087,1415
2330,857
2374,401
2141,1071
257,1570
2036,655
2269,51
1244,1004
455,671
2573,944
2323,348
1805,1159
1251,1811
2039,159
1026,1138
498,1118
2280,1236
1308,1535
1120,1431
938,1530
1736,1166
857,1288
2941,1435
2577,1740
1637,1412
1025,1686
1902,1544
2375,660
1033,1918
2849,895
361,1567
446,1163
1910,1206
196,1127
3054,515
2078,1640
572,116
2855,1636
650,658
2279,341
1810,242
549,1290
1085,1754
2637,1892
510,594
1641,603
2026,1254
352,892
2117,77
1993,299
2132,864
2421,542
171,646
2239,646
2944,1883
1642,1471
1163,701
270,567
543,1694
2230,1838
1364,1836
2230,1117
1802,1359
828,198
1020,88
2788,1627
746,1773
2239,1135
1119,1679
2757,1839
2237,924
1113,772
1736,364
2118,1330
2604,1013
2758,1712
2041,1145
2669,1133
2724,1886
185,500
2615,1831
1757,1341
2301,1229
642,1822
2497,1375
1435,1847
1124,1327
1118,831
902,342
1314,1633
461,1427
785,571
2001,1740
1796,637
259,1028
270,1063
185,1482
1886,1321
780,924
2093,1392
2385,1036
739,656
2093,1264
1520,830
448,1834
2696,648
2285,1220
2127,1344
2579,1320
830,1429
1395,1768
2172,88
2775,1294
501,1573
1259,1529
2237,1468
669,1128
938,1327
2759,463
582,1843
562,1284
411,656
2498,1664
2029,1821
2090,1273
1167,600
1419,1819
1844,1691
2225,1234
961,1375
295,454
784,1191
835,150
1041,161
2657,721
2971,1847
1043,1492
883,914
2604,21
1093,1080
124,1822
883,1068
2416,1163
669,794
2037,1390
1073,931
1869,1830
363,1073
1079,1291
2028,462
2215,641
2419,163
2951,87
1987,1339
1020,1894
505,1287
640,653
2552,1640
1040,845
560,1059
1075,159
1944,1286
1133,328
2961,461
1847,398
689,1259
2509,812
2334,319
1212,1280
2198,1149
2001,1277
1417,1010
1456,1206
314,663
1986,738
1244,482
2984,1901
1566,907
1129,827
2315,280
2500,1131
1248,70
2504,1830
1794,1638
2389,1182
2126,540
2045,1451
1993,1081
1843,831
2225,1299
2563,1381
465,1562
2090,335
2186,825
1260,1358
1811,1533
1799,1539
2911,333
114,1560
1835,142
217,1786
2810,270
1661,313
2604,1459
2037,1573
1038,1142
2033,1427
2755,1584
2176,1060
2285,1315
2318,1822
2996,1882
1416,318
3044,1125
2319,1879
452,1612
2291,710
2476,1577
2276,1684
2565,649
2076,1342
1987,1390
406,1732
2618,676
2819,1274
2190,1212
605,1307
855,1341
2131,642
2369,562
1072,1206
112,1559
1158,1188
2611,1331
2089,1387
2809,1145
457,1774
2096,1442
1215,706
2473,286
2229,598
2068,399
772,631
2127,1144
559,1112
2629,902
2333,1109
2321,1879
1934,809
2046,1724
1713,660
2985,801
2715,637
1408,1281
844,1700
397,792
1218,1698
81,909
2175,1135
1457,971
2019,1811
832,1275
798,1392
1909,1304
1998,1900
2221,909
2183,1568
861,669
1163,1702
2068,590
2432,189
1805,1769
2525,1079
2861,1039
1079,275
1375,1708
165,1196
2957,787
2818,336
2034,1801
2425,810
1903,954
463,725
2023,1074
927,561
2753,288
1024,201
1418,870
403,1405
848,714
73,770
2615,1455
2623,1839
2770,675
406,1242
1012,901
2323,1274
1745,1832
1400,1328
1798,589
2195,514
2669,1841
2378,1422
265,102
2196,45
2617,1863
2028,1780
2036,1207
459,651
2621,1686
1797,1625
1521,1159
2198,1808
991,288
1745,1258
500,127
2046,1060
2068,1887
675,1844
1462,398
2554,344
2579,1893
2570,375
990,567
985,1786
2615,386
695,1767
2985,1304
1457,943
1654,1664
2411,1529
267,37
2185,1339
681,1305
1367,1395
2271,964
933,1290
1169,1654
1425,330
496,1336
799,1343
667,1811
1134,1191
501,409
183,1165
1794,1655
1313,675
2165,1887
1997,1923
938,905
3049,1422
1013,1148
1874,528
2298,1351
2045,1903
2836,1887
1930,1281
414,253
544,1286
1954,1660
76,1320
1934,1173
1903,1096
558,105
1692,1499
1747,840
2564,1353
2036,120
2028,1307
1741,1225
2024,1330
1695,1762
953,417
2610,1291
2085,1366
3050,1897
1460,215
1020,1412
2034,1386
510,1893
2777,296
1026,327
1460,267
121,1367
2962,78
2287,103
2024,1172
2039,658
1029,615
2752,595
2430,676
1260,900
854,1099
2236,1638
1655,1143
1016,1640
2624,142
1928,923
2033,1316
645,1687
2120,564
1277,1754
1951,1788
1374,1905
2042,555
934,1001
972,1872
927,220
1034,1608
1427,1057
877,1149
2584,846
2086,720
2798,1258
12,1916
558,1877
2382,1399
2754,1595
2089,1282
1797,1530
1249,632
1062,1627
962,690
2102,1666
1654,1683
2549,1391
1033,1444
1325,721
2986,896
894,1693
268,1218
1044,728
2575,265
1562,560
2614,1091
2120,1418
2579,1917
1854,1452
644,1139
2798,1842
178,766
2045,1171
2478,1287
2084,742
1418,708
2663,1133
14,1442
1818,1293
1359,1144
16,1467
497,944
1994,1422
1024,1542
1932,252
1962,94
1792,706
689,245
2334,417
1364,864
896,1137
1155,672
1227,1634
176,1059
2598,1843
2653,342
2145,1206
833,562
2508,1406
2087,720
2701,1321
262,1269
454,996
543,561
3001,1055
214,1387
1374,1756
1940,1856
2481,657
2130,1324
300,1160
313,1054
607,1297
1746,901
504,353
2421,926
2423,1568
2834,1024
1083,806
3044,744
2750,667
315,398
510,838
890,1422
881,652
27,525
2498,1310
2426,1486
1793,1841
2403,941
1790,1323
2045,1319
1334,1093
649,1587
1457,1440
2527,1018
2095,578
122,893
2583,1605
1165,792
1184,159
2232,284
1985,1288
2955,827
2043,350
2585,694
2419,76
2232,1547
2866,1059
2033,1039
892,1336
1645,1149
360,1526
1820,626
1617,1562
1031,1390
1470,1140
1690,1396
888,1062
1758,226
2176,152
988,1832
2326,740
129,336
1124,1300
3053,1822
790,250
2425,1287
2408,1684
1135,761
1232,1830
2772,1816
2072,343
505,357
2368,1057
1618,1713
1946,1327
1660,1698
900,1272
2199,1184
2234,664
1136,1692
511,906
2291,410
1071,1257
2422,337
2396,1908
2600,603
367,1328
1665,1646
2085,1312
2217,1917
1137,1784
466,523
1225,1651
2041,1894
513,1622
561,812
1018,1644
2381,1508
2701,1170
2118,1143
2609,1840
2488,1342
2511,1080
1648,1266
744,1242
2013,1313
2194,1459
691,533
1801,1212
2278,773
2085,453
949,1048
1645,833
1072,1393
1184,1321
2202,446
1273,295
215,26
2046,1290
2522,1240
1734,139
1072,1907
645,158
2128,1191
1712,700
3059,1011
2041,1647
1906,1916
2602,1347
1843,1331
2968,846
2671,1328
498,1386
891,1152
2142,1290
2570,1435
124,1276
1936,1191
1803,1249
2043,1632
1655,1895
845,931
984,1353
653,47
696,996
1355,1010
2038,1291
2061,404
2786,916
844,1290
1903,886
1903,902
2002,1520
456,672
1025,296
1793,1570
2811,1698
2569,1397
1616,1842
109,330
1090,322
2082,1450
1750,1857
2175,639
2524,532
2863,725
1265,1444
1460,1608
1797,837
2617,1366
1520,1442
981,1278
1696,1756
2366,1716
2744,1150
2808,1269
447,1516
1040,1697
1662,1306
402,925
2903,1133
2085,478
898,1336
1661,1669
2322,31
2285,706
1409,1071
2419,1745
307,733
123,1028
2102,1662
2645,337
1998,908
1074,1684
1274,1540
792,1621
2952,125
2422,1645
1995,1812
1169,1659
2757,1070
2586,1687
878,106
1029,1718
1664,1315
584,626
2131,1393
2860,1874
649,1838
1152,1559
986,1240
629,1087
1796,1612
2749,1328
2460,90
877,376
311,547
2123,1784
1983,1268
2077,1206
2560,1144
1318,1249
2191,1822
2615,716
2770,1347
559,1344
1082,1703
2480,1652
2562,1136
2084,1733
2050,1150
2800,567
401,1841
2186,1817
1027,265
1383,275
2389,800
448,1838
2404,1293
2205,632
1643,1057
2046,1244
1903,1382
2470,1703
2614,1310
1413,1172
1905,792
644,1271
2955,1155
2042,843
317,1694
2623,466
1999,1307
752,660
1840,75
1650,1414
1735,1308
1445,1412
2848,1559
2605,1277
504,1328
869,1412
2521,1196
1939,1322
655,1273
1815,1294
1832,1746
2565,465
1847,1212
2609,555
124,1563
2669,1659
2188,707
2175,1343
1657,459
598,740
1740,1102
2894,1442
1899,348
1820,1356
2586,295
503,902
2479,1074
1850,679
2564,324
702,842
1051,852
404,589
2956,1320
2808,1912
1536,196
2948,1387
1470,1188
2142,1165
409,1188
1815,688
1649,652
832,1867
2902,1469
839,1951
2566,1038
2323,413
1131,1574
1636,695
594,1577
1759,1322
739,1326
2949,46
2617,1076
1623,206
2039,1832
2708,126
1701,289
2579,1273
1926,839
2006,1589
1928,1633
2989,946
1308,834
2661,1188
416,1823
2095,1404
171,1829
2692,798
2714,298
1659,1345
12,66
2560,89
2953,1397
1140,701
2554,280
865,1350
2863,1717
2104,107
296,816
483,1127
1266,1360
1078,164
2298,1375
3044,857
2378,708
2086,1328
1272,1234
2583,1341
1770,1391
2334,737
2090,1889
3044,1684
1811,490
2235,1445
1562,1390
1755,1457
1644,1134
2021,1686
938,1077
2044,702
1282,1818
2124,1419
490,1901
503,1663
1544,1653
511,442
1180,1951
2183,1322
2216,1149
2476,1760
2807,1652
1987,1333
637,1272
873,1181
2574,1947
1085,35
2045,412
799,1679
2582,692
882,298
738,490
2034,1305
2850,349
1323,1142
86,1901
121,1550
1815,1335
880,1330
535,1396
969,934
1087,1898
977,1276
2218,262
2371,1445
544,1218
2076,708
2034,1338
891,830
1250,916
74,824
1325,21
2084,245
2569,228
2367,797
2891,1219
451,476
2570,771
2040,1936
2033,338
1023,1402
1073,1196
1695,1421
2911,1421
1267,1335
2911,734
1417,324
2294,1093
650,1324
311,1435
1600,1387
985,1366
1633,1252
1610,1608
1989,928
1223,1143
1223,1519
1312,1809
1262,1653
1991,299
2079,1212
831,1779
1993,228
2577,550
2368,925
848,1334
503,330
594,596
1835,1840
2093,1154
2235,1333
2110,1436
163,1222
1408,1326
1934,1822
269,213
2764,692
2510,1404
1660,1336
1373,1369
2768,1655
78,1468
2036,1324
992,1640
968,1329
1839,1447
1995,826
596,902
498,596
2807,1663
65,514
1430,1321
1645,376
1900,634
151,715
1429,801
198,839
1790,1392
2512,1345
315,972
1071,1132
83,1840
1817,694
1596,322
662,1149
2175,1434
2775,564
1993,724
2754,1159
2080,530
839,1322
659,145
689,1299
593,652
1609,1400
1270,339
532,1887
27,1222
1940,227
1419,1384
261,616
1462,1584
127,646
1901,1392
2237,1296
975,1360
407,1809
2098,1778
1217,1947
2545,1830
2237,1420
1468,823
1723,1601
2527,1135
2813,1841
1528,794
2234,430
2193,1925
2483,269
2045,1813
1425,147
2525,1307
272,1842
2782,1558
2022,1350
418,1660
2037,595
833,1058
2829,900
1034,1324
2039,1018
2500,688
2388,1901
2023,1060
1990,366
2035,956
1317,1849
1086,846
929,911
1797,1936
584,653
751,1614
2087,637
1217,514
2014,424
975,1080
2567,1832
2433,1686
2623,1338
1653,64
429,1210
1889,1030
829,1337
2362,646
2043,1381
1847,770
2560,1417
108,675
2808,654
2807,976
1982,1819
833,1420
1275,353
1743,265
2046,1202
700,1159
1887,1514
1942,595
1896,1236
2021,296
1182,1782
1065,305
317,563
404,1393
2683,1310
2042,1712
1888,817
341,586
2176,707
2621,1296
968,1667
2985,677
1747,579
1336,1335
656,1773
1621,1917
960,1538
2809,357
2427,75
1330,414
2416,819
2172,1660
1558,1387
387,1310
1026,1907
1662,268
2180,1841
1950,1313
218,1319
2991,1132
1225,1525
2572,1188
2854,733
1853,1398
1228,1358
2043,66
1905,1190
877,1835
1217,563
1047,1074
2120,563
2271,458
262,1824
2963,833
2962,723
493,889
1915,1664
2858,657
1609,1043
2793,603
2050,1080
2667,660
2565,695
514,832
1795,1588
2522,823
1816,851
2943,1434
279,1060
1994,615
1472,819
811,710
2605,1562
1029,1366
2364,198
975,390
927,1421
1701,692
1268,658
2106,296
2417,1195
2560,1586
2039,1652
1089,1528
415,1142
2013,632
1950,551
1024,798
1751,1390
1790,189
1273,1530
2041,1946
1317,1786
1804,1635
2084,1504
2424,944
682,1086
2223,1242
1403,1274
164,690
1695,1553
1553,468
1077,1043
1950,530
2563,514
2035,708
1036,298
2519,335
1639,1446
948,1255
1121,1341
2087,423
1325,1269
2571,649
1601,1421
2033,1336
1788,1080
1818,1627
1797,1349
828,1784
2218,81
1983,1839
2874,1686
2043,1882
2228,1422
2486,364
1318,1127
2084,745
2664,1236
2137,1687
1797,1687
2477,1326
968,1640
1981,1349
1597,329
1560,683
1474,1375
2093,1214
2623,1268
1417,542
2560,1330
1801,1030
2600,1330
1029,1287
2419,642
2850,1837
2328,1286
2046,1586
1925,500
1275,1327
399,1328
1068,1817
2289,809
1803,1945
1977,1080
1736,1418
2142,313
2194,1157
832,1081
2560,569
2361,1272
1704,513
2617,616
1986,1244
2002,1307
2949,1550
2811,1028
2132,1118
1901,887
2963,1149
1607,1378
1662,656
2084,345
2043,353
2846,255
1651,827
2225,474
2673,1173
2626,1644
2836,591
1124,823
2105,500
326,832
2361,710
989,1341
1618,1817
1623,1776
1272,1812
1082,1339
1931,1402
2514,596
2050,322
2720,143
504,1575
1094,1886
1656,1936
2033,745
2190,1947
2219,1941
2569,538
2027,662
204,1059
2079,1404
1939,1336
2565,1006
1793,1151
549,1849
1316,1292
2932,156
1887,1212
1209,710
2181,1647
832,925
1206,342
2282,1152
876,1520
395,410
540,1342
1706,1836
1375,1667
2578,1358
1225,331
1218,1595
2884,1623
2961,1521
1824,1684
549,716
2172,1336
1415,1831
1557,1422
2143,1280
2280,1732
839,456
1562,1733
1864,1397
1999,710
1951,1679
1545,677
1759,1419
2129,1762
166,9
2528,1651
318,1452
2218,541
2192,1408
1042,1653
2024,1099
879,1945
2216,1099
1983,1205
648,299
843,820
1750,125
2182,1062
1453,1544
1404,1375
492,326
1793,141
1844,1715
953,1905
560,1692
1406,1545
1609,939
2770,642
1802,678
510,1388
2220,21
1453,438
2045,1151
2230,1068
1566,1075
1124,744
2612,1539
254,590
650,1029
2708,209
2032,220
2239,203
2671,954
2853,1786
1604,326
629,895
989,394
1999,1257
502,1643
505,1946
1858,1452
1794,1357
950,1418
2424,1038
297,895
1651,163
743,1415
797,1944
1944,696
1516,1421
2576,995
2408,1149
1696,1275
1847,592
1319,1299
1847,1291
2081,349
2125,660
2655,1679
2380,1513
2508,1568
1085,686
1653,1010
2803,1658
2569,1940
2856,1944
1274,1668
1819,1935
987,353
2560,1081
2033,943
1998,1191
2409,839
2035,1026
2024,1589
975,1592
2566,1823
547,537
1278,1714
1600,595
847,1242
891,1386
1945,1649
464,327
1903,1144
2804,1207
129,1686
1074,368
2911,1419
1799,1652
2238,1218
2019,545
2415,160
2567,1212
2126,1692
2285,1276
2663,849
1353,1926
2426,865
2562,1326
447,1268
2231,31
2580,1817
1858,530
1086,1893
2911,1649
1090,1330
2901,286
1891,1345
1375,1307
2522,1470
120,1292
577,733
2037,533
2225,748
2232,1730
2985,1917
1251,1039
2855,1345
992,1279
1832,1149
1262,1830
2410,1157
2378,37
831,777
973,1318
2097,304
2285,1517
2099,1197
2125,602
1807,1651
1805,1644
2486,1356
2998,892
1221,532
1659,964
938,335
113,1195
1325,1390
2890,1693
2563,350
703,957
1262,1201
1033,1387
2578,624
1540,798
1135,406
980,1647
367,1144
1462,914
2180,1436
496,1947
2181,1523
2563,1322
8,825
2185,699
2046,748
2028,1520
1805,1444
1568,847
348,1499
894,1946
2095,1591
1938,1139
267,827
1992,891
2301,1725
2007,1198
590,1236
1070,1132
650,1211
414,1165
2790,1314
1853,694
279,922
2030,1137
495,1326
973,580
956,1664
2195,1149
2046,1234
2751,466
1218,1159
2389,1181
2578,1780
501,1390
1271,1023
505,1135
1826,482
493,1606
2464,1724
253,1157
1267,666
2556,570
2095,1614
1230,283
2670,1544
1416,1787
2785,1375
1471,84
2852,1306
1753,1708
2191,1152
1334,1166
500,1274
1916,1313
1540,426
2145,1404
1695,274
650,498
1754,1504
2557,1198
8,1157
1720,1020
2662,224
1258,1193
2194,848
1162,1223
473,1412
984,1668
1406,1315
1728,1311
458,1767
2523,1222
512,795
2273,1944
2078,1398
2948,794
2193,739
272,1449
1937,525
2048,315
1060,297
2565,1946
321,1328
1183,1212
1981,654
1811,449
2381,1328
602,741
1649,1012
2045,942
1270,1664
2199,1369
121,1366
295,1776
2790,668
1717,934
1985,1296
1948,845
1797,46
2660,706
2032,1947
1420,568
1616,1194
1044,1254
2697,1644
1695,315
2042,1485
751,1591
876,1667
1334,889
1644,675
1745,1079
2503,817
369,812
1472,280
171,1336
2751,1516
1616,648
969,1048
1063,139
2962,1320
1923,672
2190,1330
1665,1272
2420,1211
2881,1229
2002,462
3010,1694
85,1917
648,1158
123,1574
2172,1190
2894,923
2656,1305
2682,171
1079,510
2518,601
2420,577
2986,1073
454,270
457,228
458,1779
1852,1159
540,1824
1843,1316
2227,26
1275,1339
884,332
2522,741
853,1917
1802,658
2045,1468
2553,1894
2856,38
1618,1157
507,831
2046,1538
2334,1663
2269,1931
1038,840
1030,1328
1216,532
2040,1829
2511,1221
1695,1419
839,88
303,1400
2808,624
2430,1542
2420,1204
2705,1654
2696,1334
2366,627
1263,1156
641,1420
1113,1210
2113,733
1021,1328
980,267
2181,1303
2039,1006
2560,36
1157,1069
2560,696
610,507
645,88
1986,1595
1268,678
1349,1482
1071,1272
868,1224
1319,720
1554,1207
1231,1400
2046,1948
1651,155
2808,1276
518,1640
1408,546
1267,1945
547,760
2317,809
2950,1062
2231,1707
2417,1658
450,387
1607,1130
2386,1217
2136,1668
917,901
258,1357
2342,647
1203,1706
2527,561
2188,208
1001,901
2644,1086
2518,125
2527,1183
2509,1170
2413,1149
19,1770
510,1057
1273,1145
1849,167
2403,1935
2067,1272
2047,442
2822,833
1272,944
2044,1136
2629,1080
276,511
1165,1190
2766,1762
2024,810
1520,1152
1277,1151
794,1552
272,533
2571,339
2087,1559
2517,1774
495,826
563,971
1989,1457
341,1645
2857,1282
1563,760
1951,796
2023,1790
2079,578
2822,1639
643,1116
2770,844
75,1658
2421,1762
2419,237
1265,1038
2430,925
1930,1445
562,1568
962,1292
1559,1333
1614,1328
839,31
2186,1174
1458,1366
1990,1145
350,1823
650,1490
1851,1574
1902,267
1930,231
79,1818
2462,1328
2656,892
2757,452
1242,693
1022,375
2612,267
2119,1418
2098,810
504,944
1978,1334
1604,1566
2272,677
1317,1935
896,1315
550,1353
2330,1552
1051,1785
736,439
878,574
2195,1096
196,855
1133,1460
2558,349
2179,1574
735,770
742,1299
2225,931
1665,1198
2340,1702
2560,99
1978,648
1840,1877
557,1820
2388,1086
1953,776
1373,1818
2280,1242
941,652
2621,1523
2525,1156
2808,748
2516,452
2413,1606
2081,394
1804,1218
1194,896
1272,1393
1867,276
1815,697
1796,1207
1069,500
1128,746
514,570
1507,1222
1070,850
2223,1505
886,1884
703,1185
1067,1693
2576,1334
2261,1893
2899,1340
2770,1307
1406,1206
743,849
2139,866
2600,81
2882,1313
2985,65
1926,1143
502,1590
2134,1469
1662,1450
506,324
1455,1818
994,834
2081,1307
1074,531
2602,909
1888,200
1581,1764
2481,1325
1216,148
786,1281
2202,1293
1180,500
1938,1512
2478,1191
2430,653
455,1596
2565,1517
1805,1962
1116,668
2429,821
1672,1334
2205,1847
1286,275
2478,1590
269,1287
2800,1063
980,1254
2558,1545
950,1343
1943,817
2993,1508
2670,791
1216,1192
259,1468
1935,616
2672,540
2656,253
1471,143
1070,1329
1035,1316
1928,674
2992,1206
1163,1963
500,1767
896,667
2510,1194
1545,1305
2076,1824
894,1830
2239,1779
1658,1387
1313,1307
1855,1276
2848,1809
1040,140
2864,330
1320,1074
126,1326
2708,1897
1316,676
26,1552
2480,330
1779,1206
398,1692
313,452
1608,1337
1364,723
994,1148
2996,1779
809,1396
607,1956
1425,376
2278,1299
1932,720
606,1329
128,1315
988,532
2425,589
2574,646
949,1220
1813,1379
3007,847
667,171
2425,1687
2777,570
1306,776
499,1274
1650,568
1474,607
2511,870
2146,834
2949,1367
2535,1396
1992,1818
602,663
2434,652
2774,603
316,144
573,607
2949,1894
2992,1097
1718,1329
1675,1268
1562,592
1854,595
556,429
914,1950
2996,1691
2014,1684
2379,527
2814,921
1982,675
1799,1707
853,1305
68,865
880,1947
1651,1155
2759,1435
2037,1940
2037,398
880,1918
2369,584
2600,1653
839,1212
2274,1492
2036,1817
2855,1956
2852,1362
2095,622
1803,37
2425,295
1790,1443
2668,1402
2388,1320
2789,296
2499,1785
203,1964
2238,1443
3018,1644
2047,1779
2022,692
2504,1662
2560,1883
2365,645
2799,265
2605,337
181,1670
2230,865
1843,1151
579,133
798,546
2037,826
991,1404
2080,1669
1819,1535
2178,1067
2366,266
2125,757
171,642
1324,1016
2321,1344
541,1539
1726,1311
2809,180
1063,1294
1896,746
2369,1420
2612,787
1024,1781
1560,1299
2430,954
691,1643
2947,1222
2035,324
2231,1322
2241,1446
259,1882
2180,1345
1457,1935
2805,1880
2287,1591
2156,1950
1040,1830
2083,1629
492,624
594,1397
1374,677
2521,133
2755,1333
2949,1687
1613,748
2549,1826
1992,1149
2225,646
2052,1702
399,887
2108,1806
1802,1304
1414,1038
1013,834
964,1255
2143,1297
2821,1888
399,1095
2328,1209
1636,1853
885,1440
2340,840
2716,1951
2464,1342
2481,1225
1739,18
2369,563
1047,674
1723,1189
2645,1893
2861,903
1069,1049
2473,1199
2686,567
2010,1685
2770,1515
2619,1333
2181,78
1852,1875
2411,1096
1708,1324
1765,1954
2093,1269
1120,737
99,297
2237,1419
2230,914
1035,642
1085,1296
1635,1685
898,607
2211,1785
1658,1712
2280,1156
1074,1614
1807,1039
2989,1568
554,262
974,923
848,705
697,1450
1227,1824
542,1651
2380,862
703,847
1041,1652
966,1268
1751,592
543,1018
1071,675
699,1445
2960,1380
2952,1787
1272,1358
1267,324
2321,284
2763,831
2172,1328
835,1832
1985,660
166,1973
2579,1397
459,1316
317,1419
632,1397
2847,351
2041,1687
2121,579
1644,825
649,395
63,1268
2195,1837
2032,1303
703,1769
1562,1684
1016,342
2284,330
2408,833
470,603
1811,1529
1078,1818
1991,1266
595,1092
2770,822
785,1411
256,652
2870,1093
2028,1420
2568,1291
788,830
1616,1277
1924,607
1610,1779
1746,1187
1259,1273
1999,1272
2097,729
441,342
1024,1306
1027,660
2216,1086
1530,426
451,1445
940,207
2762,577
2004,1254
1184,1823
449,1322
2894,1059
1024,440
1819,1847
2228,1274
2050,832
1988,711
2132,905
1752,720
3052,1421
2424,1328
1658,1345
1028,1345
1901,1841
1819,1311
1032,1590
2807,959
2409,1143
965,1905
455,1707
774,1188
224,1328
2102,316
2198,1653
1992,1158
1264,1212
357,1188
845,695
2089,1696
2855,637
2912,659
833,924
1982,848
1366,1404
1364,1647
2237,1058
2574,724
883,827
2560,925
1692,1783
114,1320
1167,1382
1554,1421
1745,1961
2799,1155
1209,1272
1145,665
1038,646
667,1935
2425,616
1907,1963
2848,423
1068,675
1262,329
2368,696
2675,1402
566,342
2474,1118
2511,1646
2220,1961
2949,1172
2811,1798
2951,1895
2406,1627
987,1470
3001,1524
2253,1144
1364,728
2863,1830
213,1568
968,316
1915,135
1553,328
1275,1257
415,303
257,1296
1813,839
2190,1085
1118,159
1376,1144
1808,86
2034,794
2186,1767
2030,1697
1997,555
1839,1242
487,635
1996,1700
126,1893
2163,1768
2615,835
2195,1074
2224,1631
3041,1961
1076,1367
1229,1935
875,1074
306,1358
2048,1607
259,1698
2558,437
2285,1698
2279,1886
2099,1964
1260,1656
1697,1071
1090,1312
2719,468
2047,1266
1901,1514
1108,1086
2722,1499
1692,199
2319,1591
2142,640
1662,444
556,1386
2285,762
2083,701
2606,1217
2130,1081
1243,1163
1122,1951
1043,490
978,1199
1324,429
254,1323
1040,838
2127,654
1265,1769
1233,1938
1459,1455
2874,296
557,1961
2080,1571
3018,338
2573,662
1274,320
2232,1629
8,1093
2463,1956
1251,1348
2046,921
842,1691
320,1315
2127,1221
2652,322
1754,1292
2117,1905
2234,865
1417,1440
1053,607
1652,1683
2175,1540
2613,1081
2381,1462
1819,1039
973,304
1331,1964
172,1951
2957,1012
2427,1907
1724,1292
164,1292
1265,803
158,1144
688,578
2958,171
2193,1697
587,1963
2045,169
2463,1421
1752,1973
1651,598
2660,1186
217,320
1803,1335
2749,654
1811,1492
403,577
498,1320
2871,674
1696,1669
2568,651
2228,1608
1650,394
2196,1937
2241,1281
661,661
943,1334
2946,646
1852,1815
1516,561
2570,1767
702,1432
1806,567
487,377
2336,847
2176,954
1901,323
2178,1400
872,1149
456,350
982,1944
490,1781
1798,1038
1898,830
2230,1337
62,724
494,1341
560,923
2044,831
1821,1350
1311,563
1711,648
2411,1837
2808,713
2105,1482
2098,1872
971,1320
1556,1773
1992,1632
2564,892
2093,1961
1119,1186
1657,1647
1029,36
2618,1612
1618,1454
1834,909
2803,647
2560,1946
2906,676
2203,171
1322,1325
2989,438
315,1010
2430,1250
758,1653
75,533
2842,1088
2184,1088
2429,1669
1462,1117
1086,1790
1176,676
986,249
213,1282
2041,911
404,830
2812,327
2425,1523
1183,1343
1909,678
1939,344
241,900
1950,1782
2139,289
990,1342
1271,319
2020,1681
2030,1144
2407,1369
306,328
2033,1691
978,1775
2227,1534
2377,1931
1647,1155
2579,1057
2024,675
2572,1774
1258,838
1081,1968
2035,1827
1417,1034
2137,1504
1837,1938
297,1087
1954,668
500,335
2498,690
1319,592
2587,1663
2519,398
971,1536
2068,1392
798,590
2900,1325
81,1073
1168,1467
295,139
374,648
1041,1821
2560,652
2686,1415
934,1271
989,895
1119,303
2082,150
2952,621
2567,1080
2026,1781
2092,1156
2373,1421
1745,706
2198,329
986,345
2426,1540
1550,1152
2231,1435
2809,1802
1725,1229
2279,335
962,1788
1904,788
406,1505
2238,550
1707,1340
2425,1366
2986,1321
2514,895
1158,276
1657,695
2421,547
2130,1760
2864,788
2092,826
880,1266
1044,511
2850,1450
1696,226
2142,1329
1378,1783
858,1347
2476,1951
548,245
192,444
1614,1393
2770,1219
2284,1402
935,1559
2565,1936
890,442
2422,273
2609,1427
2851,1457
2233,532
459,1824
587,1713
1984,722
2511,1112
691,1449
2045,831
1324,1455
1460,203
2375,1345
1029,1909
1120,1782
2814,1330
1661,911
1980,668
2816,1181
1995,1156
2093,1816
2194,1160
1706,1254
2009,1686
684,763
2595,852
1954,322
1358,498
747,1638
466,1219
681,900
1132,1348
1259,145
1838,653
2034,764
1043,1344
2814,1028
1426,662
2683,672
856,1843
1465,1450
496,1559
2138,1306
1071,330
2124,1172
1619,600
1256,1172
261,1517
1753,1439
492,1780
978,1951
404,1152
1892,1504
1605,1687
2705,1390
1168,1191
2836,1391
2792,1589
832,1188
940,1760
1018,1702
554,138
1241,1978
609,1206
2561,575
1322,1647
170,1467
2863,908
2028,1653
122,1188
1033,1339
2028,1194
894,653
828,1280
1120,1452
1826,508
3043,760
1911,1099
158,838
2047,351
884,953
1218,365
455,835
71,1620
128,845
1777,1830
1215,529
898,1660
2045,1934
2046,201
2276,1390
2323,660
2028,788
2036,1195
1900,1348
1734,1342
2997,1400
1614,1206
2948,989
506,1345
596,1647
572,1108
2099,1320
2177,1161
849,946
2002,1160
1025,1151
2584,355
1713,233
1983,957
503,1823
2698,1281
657,1606
1952,832
1961,586
2668,1397
2346,896
1553,1822
2574,1336
2097,1170
2183,660
1163,1272
1954,832
1654,299
257,141
1745,1330
1023,1540
1922,1852
300,1347
16,515
2033,291
2397,196
1982,1429
940,1775
1807,229
845,1299
1996,1451
2802,1774
1037,203
2666,1152
2863,847
2811,970
2870,315
2858,1326
2417,1778
2575,660
2039,1539
2763,1151
884,1817
1168,1544
1024,1946
1036,596
933,692
2199,192
2567,959
2765,142
1613,1039
849,1073
1035,733
2626,1280
2564,1312
2000,1329
1912,1706
697,532
465,242
2035,1333
2433,661
2187,827
228,150
2024,1379
2767,1156
509,1296
1425,833
2006,1825
2366,1429
126,1188
640,1061
1718,1250
1306,1088
2189,1283
2645,1081
1969,156
1790,1545
1903,600
2046,1329
1995,1823
1330,1406
2675,1011
2952,1683
682,896
1222,996
1550,1322
683,1840
2818,1646
2570,1274
2812,1151
2766,1783
796,490
2186,1651
934,711
1071,166
2416,1063
1951,639
1553,352
559,1591
2165,895
2045,665
1177,1649
1373,1663
2196,1819
2008,591
2364,1452
1126,1758
2178,1399
2287,1328
2578,1160
319,1338
395,1272
1426,1320
268,794
2525,903
2026,1193
741,1080
1723,381
1796,720
2999,1329
960,444
2366,553
2667,367
2040,1150
842,1422
1246,1684
1628,1908
177,1319
1853,1947
1027,725
120,1340
2557,1646
1713,602
2282,1897
1753,1786
2615,1707
1020,1080
1928,1817
1321,1774
1904,830
310,833
1336,647
2093,718
1085,694
650,165
1945,832
2135,423
1032,392
2950,713
2088,38
1160,1206
1992,1329
2377,1651
3044,298
685,946
2803,1945
2986,661
2570,1207
650,1703
260,324
1801,952
1547,1320
2174,1297
1325,150
1127,1809
1043,1917
1072,589
2040,1634
507,1381
1702,1973
192,671
500,1647
2077,578
577,1249
1795,1257
1997,1638
2415,1155
2692,1184
2095,143
2411,908
1794,344
933,1041
1418,1683
2375,1322
215,1345
1415,1435
2583,1060
2268,1314
783,368
2584,1627
1610,374
973,1402
2465,1369
786,701
1360,1590
1999,675
2179,1345
1026,1655
1512,244
1230,1385
991,1018
2319,1614
2942,1315
610,1475
2284,1951
2047,1151
1843,1818
1810,202
22,1257
2084,1238
2653,776
1271,1652
703,1025
1928,349
1027,1151
879,584
2003,1693
1820,920
502,795
2113,753
1036,1386
845,1336
989,1588
128,1607
429,772
981,1387
1847,1398
1082,1271
841,228
1831,1633
2375,1707
408,158
978,1156
364,289
2807,1079
2330,430
77,497
1796,361
692,1158
1274,1712
2586,544
2654,158
2620,348
1375,1248
1980,670
2199,1914
2224,1074
2194,748
905,895
2522,744
2028,326
1455,850
2280,746
840,144
1996,1291
2816,1291
547,1445
1238,1888
1325,1832
495,1156
1169,323
1651,1403
2570,708
2563,1593
2511,1074
790,1242
1555,1770
2036,577
409,1196
566,1060
2040,1823
2496,1807
1654,621
8,889
2987,1693
265,1339
1995,666
1120,669
2500,1184
1031,592
2518,740
2889,1670
1925,1482
1234,1633
2906,1292
2870,1618
1031,840
1027,184
2609,786
468,1347
2131,382
1172,1152
296,1166
1715,1784
1261,1606
3005,1322
1336,1020
220,532
783,1144
1064,157
2372,1089
2493,1229
2814,1781
2025,1379
2992,776
282,355
2224,1142
2191,1667
879,1822
1792,1060
1489,1764
2522,1292
1899,1634
1749,704
1943,1165
840,672
2748,1314
2568,1590
1836,1058
1987,1635
1610,1158
2519,592
2574,567
2812,846
762,607
2500,1294
1696,790
2798,1633
989,1109
968,674
2853,47
2238,1294
2319,368
1762,1971
1951,660
1655,660
1430,661
648,1329
2182,158
471,1776
2047,1769
2625,1328
2906,1008
662,1653
2222,1757
2263,1267
2197,313
1124,1159
2026,1329
2415,1307
408,773
464,850
641,661
701,1678
884,165
1797,1333
1696,913
1887,1186
2527,1322
2027,164
1797,1904
2503,1165
2129,1411
1026,831
2813,686
2380,778
1655,1831
1749,595
922,150
2232,353
1758,1905
1030,1912
2033,1237
2193,578
2039,319
1943,173
2188,1179
2222,1411
1663,787
298,1816
2661,1196
258,702
595,1400
2289,1173
1323,153
1886,1664
876,1383
2177,1171
2801,1179
1984,1387
309,1683
1715,1963
452,370
373,338
1261,660
1612,1081
2019,1933
109,1606
1271,840
2416,64
1034,1405
1806,919
2614,1329
1757,1307
2379,266
2376,318
564,1693
1577,1329
2430,1586
2048,1633
1697,1369
932,663
1292,1830
1176,1306
2006,1653
2232,252
2608,1589
2670,489
2328,1621
2604,1961
111,1945
2224,840
2814,258
1273,1333
2985,1181
1258,511
2194,1234
2570,1607
1801,1390
2800,707
1753,1935
2045,79
321,841
2416,1671
2375,151
2118,839
2800,64
1040,1392
2176,1028
2941,1686
2082,1492
1565,1961
3052,1951
2029,660
2546,1830
256,1028
1120,1245
882,1774
2676,1180
2085,716
2912,158
1163,1011
2614,1632
1886,159
2608,1212
1599,1268
2433,1321
1046,1172
2059,1206
2021,1482
1730,1603
793,864
1300,1267
2998,1337
1647,1307
972,1172
1644,1307
1989,1920
97,632
1833,603
744,456
2794,789
559,1334
2937,896
2521,1832
2026,511
724,1086
1246,298
2620,1634
1795,1012
2191,315
987,1256
935,587
2148,1334
1408,532
2231,151
1221,1863
2213,1978
2815,1402
2188,1774
2432,795
1702,1271
2176,1306
2025,1639
1462,1090
2463,675
276,166
2047,604
2353,152
1348,1623
1140,1180
1950,1188
1946,796
1274,442
656,1633
2426,1315
441,1272
322,1314
2802,1634
1230,75
669,1188
1045,1181
1159,883
1456,1393
2181,1172
1848,589
2110,444
3047,1671
1274,1188
2419,1340
1047,1605
2582,1684
964,1418
741,902
256,764
1751,720
879,1398
2198,675
1931,1320
2040,624
2524,490
367,838
875,145
1063,1776
585,1670
265,901
2816,801
2904,1271
2560,1781
2031,660
2042,442
2041,295
2714,1684
256,1184
3047,1165
2279,1647
1642,511
80,1334
2418,1636
968,1166
2237,514
2426,1271
946,1172
2079,770
1463,1329
2246,158
637,1268
1084,1698
2809,1393
1656,46
2910,790
2678,165
2963,585
1036,1801
2765,1051
2421,476
2322,1207
1803,1590
2516,515
1734,714
1946,1186
2173,1702
2498,1866
2180,794
835,1400
990,173
2176,1893
2498,796
1845,1590
563,1964
1998,182
785,103
2143,685
1071,1651
649,1397
2030,1334
1798,624
182,1669
2516,1467
872,1589
2046,268
2432,287
1924,1811
166,1712
1810,1307
1264,770
1846,1637
1926,1706
824,1335
594,1324
2179,532
2765,451
884,1650
2850,635
1792,1962
1735,1467
2430,722
890,794
198,586
1355,1219
1383,715
2507,1964
2560,1061
1028,637
2098,1172
1374,1305
2564,1090
1896,282
2562,1411
1071,1652
1664,776
2899,1600
1548,1633
2417,787
2190,770
1051,297
2803,1335
1612,1366
1945,1832
1845,587
490,1037
1619,289
2145,578
2080,1415
2031,1272
2803,1249
656,1876
1266,794
2085,537
602,1319
1079,1707
1836,765
2180,1271
2571,1333
2944,1893
845,646
949,312
955,1254
1218,1617
2048,451
1553,638
2322,1652
2522,1241
2958,1266
1170,289
3004,1638
104,1653
784,791
2190,1266
1160,1334
1801,1081
1938,959
681,800
2034,1188
1183,639
2664,282
2219,289
1279,524
447,284
319,410
1269,1081
2123,1963
1937,1879
1437,1786
2137,1708
701,1398
1935,776
2142,1669
1734,1268
1413,1324
2696,1166
1988,1703
1363,1393
2041,1080
510,790
2231,1831
2664,1700
1431,564
496,567
2787,171
1895,1809
2944,794
2378,1158
2490,1623
3001,1472
208,1877
798,1305
943,638
2305,1229
1990,1616
889,1647
1819,171
2182,1269
305,451
1950,1069
2799,1697
2775,1418
1746,1081
1024,676
2571,1249
2144,1830
2188,1081
2026,1901
1652,498
2761,1651
178,1272
1858,172
1746,795
1230,1699
1088,1619
1142,639
1403,1700
1274,326
932,1306
2043,1322
1862,1267
855,641
2040,1629
2724,710
1989,1968
2528,1247
1159,1099
877,1606
2431,284
2604,642
1266,1634
797,1713
2844,282
2373,1472
2663,1809
1762,1314
1980,1330
1749,783
1844,267
1028,1841
540,640
594,585
1024,1790
1985,1322
1695,563
1894,1209
1714,1218
2130,1156
1078,1091
1418,1112
1212,530
1998,1074
632,1639
1792,1250
1857,1833
2044,1411
1597,1653
2127,1074
60,530
2561,578
2759,691
2233,561
489,1639
451,643
1804,622
2565,1393
2116,1623
1862,715
2389,603
2141,1663
1991,1968
1652,577
316,1595
1994,1119
977,1269
2621,686
1598,1702
2023,1666
3007,580
644,711
2856,1469
832,794
2836,1087
2960,1653
363,1901
114,662
266,678
2191,584
583,564
1985,661
2098,1916
2023,1605
1316,1372
2110,1188
2862,1701
234,1391
259,1963
1837,1268
2816,1328
1049,1482
2956,692
1062,1391
583,1418
2811,1964
2040,690
981,704
615,1707
2953,1762
2786,1066
1641,661
2263,715
2322,580
1916,796
1608,1068
2622,1218
1024,1417
1996,691
833,563
1652,1484
2944,1830
1472,1695
2773,1917
212,1836
1034,577
2097,1318
2872,1396
2609,1923
2802,568
2181,1824
2091,659
1605,1070
366,791
1853,584
2069,1329
2810,1668
2038,1117
2577,1093
2527,1694
1119,796
350,1653
688,1900
2285,571
2420,771
877,1697
1570,1660
2034,1320
256,1330
2573,1319
2520,1765
2095,1074
1645,1606
2308,1375
2036,711
650,778
2168,1328
1751,1956
1431,1074
2318,1322
29,1961
2106,1595
2703,1328
1035,1658
2919,1707
1791,1762
844,692
2569,1762
1080,1328
941,571
2003,660
1459,1658
2043,660
2441,1087
1614,1699
1256,1589
2231,1378
2421,581
2099,710
2041,1367
1075,582
2668,580
2189,1330
1604,1303
1289,1087
2036,1767
494,1392
1839,582
989,1087
992,577
2115,1373
2420,1405
650,577
2047,1378
2045,782
1838,1465
2032,1762
2178,583
2287,1096
2583,1074
1935,1221
2794,1471
2421,1506
544,764
1710,1590
1456,1699
2001,705
174,1590
1308,1971
2044,571
2036,787
1793,1071
2042,1488
1417,1762
2500,1595
1366,578
2675,580
106,1471
2039,1707
2765,1531
2751,1769
464,1655
1961,1397
1721,1482
73,582
313,1070
1809,1093
2089,700
118,1088
1038,1399
1044,1471
1745,1390
2559,1076
1744,1877
2282,1773
2464,707
2508,698
2656,1075
2034,677
1072,1097
2608,1762
2426,1712
506,1658
1027,1339
1044,789
293,570
452,1089
2802,578
360,1090
2660,796
1803,733
1898,1773
1417,1658
2629,710
2181,1718
1807,710
2327,817
984,920
2956,568
2953,581
2572,1118
2129,571
1826,1500
11,1011
990,1645
1986,284
2503,1467
2805,1081
1061,1686
1806,1415
1846,1818
303,535

fold along y=991
fold along x=1535
fold along x=767
fold along x=383
fold along x=191
fold along y=495
fold along x=95
fold along y=247
fold along y=123
fold along x=47
fold along y=61
fold along y=30
