
> advent2020@1.0.0 day:13:c /Users/steveblack/Sites/advent-of-code-2021
> node build/day/13/c

tp.output
............#####................
..##......###....#...............
.####....#####....#..............
######..############.............
######..#######....##............
.#######.############............
..######.###........#............
...#####.##...##.#..#............
....###.###...##.#..#......###...
.....#..####....#..##...##.....#.
......#..###########.#.###.....#.
.......#..#########.#..####...#..
.......#...#######..###.#####....
........#..........#.............
........#..........###...........
........###########...#..........
........##########...###.........
........#..######...####.........
........#....###########.........
........#....#......######.......
........#...##......#######......
........######......#######......
........#######.......####.......
.........######..................
.........######..................
.........######..................
..........###....................

966,1223
1414,980
553,519
1567,284
1438,1005
1848,967
1755,976
1958,370
1816,1003
1448,987
1708,412
683,1002
2025,408
1553,273
1655,973
1608,374
1773,341
934,262
590,987
2148,210
1477,998
1770,1011
896,1008
1974,5
1480,959
1090,1010
2089,962
1479,10
1773,1001
1008,272
1442,963
2054,249
1927,369
1820,448
900,429
721,931
401,1001
736,52
939,976
389,119
1090,395
1303,976
1415,855
1505,1000
1810,972
1202,201
1446,1003
1481,987
623,333
820,888
1237,451
354,47
1260,67
1610,19
343,832
1409,967
761,858
1227,330
745,890
1856,882
1424,330
0,339
676,441
1900,898
936,451
744,105
1483,366
1224,283
2036,779
433,356
1846,345
899,850
463,225
558,409
122,480
1836,722
1681,232
2026,729
955,733
896,256
403,116
2044,231
1438,787
1899,733
1398,882
1551,333
2055,721
1985,106
803,474
82,963
1854,458
1746,245
1438,52
1260,963
737,276
1646,775
1448,803
120,249
1499,721
1267,129
1542,257
1335,968
830,862
1372,1011
998,189
805,331
1368,990
2172,395
622,481
759,855
865,799
1354,902
320,127
830,928
274,898
1507,452
1273,604
531,276
907,652
552,256
420,38
1200,239
1482,408
1906,453
743,445
192,774
871,976
1339,437
1480,63
667,221
1411,603
1236,729
1492,779
925,918
1985,528
478,609
1280,944
896,281
745,955
491,1179
9,1648
565,934
343,958
2052,1375
1303,1148
800,740
1548,1257
1237,668
151,1163
939,1262
1205,1223
403,1236
1273,283
1030,273
1287,1224
297,985
1486,264
1963,609
1714,1079
1414,32
1742,514
1480,1223
1303,954
1560,1238
2026,779
1280,165
186,1192
1535,1184
1416,1241
731,261
1814,21
938,1201
79,170
1166,646
213,1220
1504,1273
130,1224
1610,1209
1069,1167
663,663
1641,945
1065,486
1406,1265
1383,520
742,663
1170,1223
666,862
658,986
159,1270
1729,606
279,173
624,1228
1445,604
1452,155
1373,1270
540,230
930,218
904,664
1234,828
1490,1126
802,154
673,121
1438,1177
411,721
1023,944
2097,1114
1167,1220
1071,163
1439,870
1576,547
283,1215
968,516
1551,720
1507,976
54,532
1146,1227
1148,663
406,611
1238,1093
1432,1226
460,1079
1749,1222
1010,966
189,36
396,283
560,1220
1234,1429
1826,1214
1622,256
1504,542
1545,1233
1492,612
2105,161
734,1230
1301,1466
1244,649
2022,1381
1541,520
1307,1502
768,1449
1613,1457
727,162
1400,1420
1616,129
1501,1465
1176,1389
2083,1213
1855,1181
617,1072
325,1269
2095,170
82,827
1985,1247
1201,292
1226,164
1439,170
974,239
893,1487
1678,1211
1007,1220
1812,1493
721,1442
1788,245
736,1430
2123,602
1474,1078
1280,519
1148,1127
1817,621
147,1070
1456,1520
2148,1106
1285,605
1191,122
803,297
1917,1416
1444,1505
1520,1274
1438,500
1711,285
1343,1507
1439,996
1273,1503
461,1268
1621,945
1287,723
1846,248
360,1072
453,1270
1236,779
2114,288
1381,262
950,1179
1410,205
1703,734
1981,1172
1538,1490
889,1221
736,1256
1235,814
1295,1518
2172,1395
147,1220
1819,543
1810,1521
1449,538
1553,660
181,1416
1982,1177
1515,285
1584,1490
350,1180
937,668
908,1521
1385,1252
1725,292
1554,993
2091,611
2026,1011
1727,736
940,1070
1688,520
597,1512
357,1397
639,1184
1161,1182
223,609
1824,107
1950,1407
1035,1466
141,1221
1772,1350
1419,285
1619,575
1432,1460
1410,1529
1083,1009
1434,1111
1007,1504
1826,1472
1289,1178
708,882
1836,1068
1509,707
2092,176
1273,607
792,1153
1650,611
1355,1505
702,1327
350,732
740,1390
865,1074
2055,1069
1927,1489
1515,1505
1831,611
1608,1270
1095,621
1281,618
1951,1181
614,1238
2054,1055
758,1480
760,1415
729,1293
1748,1395
585,292
1283,1181
2013,1433
1786,1171
1954,1473
1236,1509
893,1130
1273,1169
1485,288
1137,232
689,288
1821,627
1566,890
2090,784
1516,289
964,593
737,170
1499,833
650,882
1436,1011
81,1188
824,1489
669,1238
1437,1114
641,1184
1265,604
2092,1391
1510,1183
343,611
1917,290
1777,1489
1416,1480
325,1380
82,176
761,1346
1703,1056
1478,1076
1374,981
1684,646
1620,1070
1406,1421
123,296
127,621
600,534
1548,1079
1485,945
897,1528
2171,333
386,1097
146,296
2149,1477
771,636
123,1494
1888,361
1726,1330
667,452
307,1129
1443,1381
1815,573
326,1405
1883,1333
1555,1467
871,642
1369,1393
1414,1266
1508,934
1687,1489
2019,1078
2161,582
1917,1176
1825,1487
1446,787
566,1416
1548,1089
419,1494
1778,533
1309,1074
1099,549
1167,608
1703,171
1335,520
1139,1059
722,961
1401,1210
1785,271
1374,119
1789,1332
1786,843
349,1253
1424,1226
1445,1300
675,1505
1445,1407
617,718
1413,858
2092,1295
293,986
397,1489
1181,1209
1825,1321
1070,1528
1162,286
1234,861
1281,1172
1404,594
811,833
824,1078
1784,1017
1091,619
1890,602
736,1058
831,1507
1650,283
1860,693
760,1382
813,1508
1447,1105
1675,514
9,1486
1894,800
1616,1381
1556,231
2166,256
691,1149
1995,1276
1007,80
705,1476
401,1461
608,1448
1165,1169
1678,511
1416,974
349,1487
1790,655
1786,1508
1375,431
1917,604
1099,1241
1380,523
1657,1478
1213,1503
1246,705
193,935
1725,1478
1775,273
1621,519
215,1462
352,480
1137,1128
274,395
1753,931
1400,146
1198,1442
900,1192
690,1059
1265,637
1469,1476
2051,1192
1382,1377
1818,1232
685,961
1414,823
464,1061
973,292
966,1310
1309,543
661,1222
1448,341
722,1274
1622,712
416,1068
718,1166
1554,1152
1581,1276
1448,1321
2167,173
599,1489
1296,46
1017,733
1453,929
1776,1438
1831,284
1489,1277
964,1197
1350,1384
1367,1069
176,1490
1998,12
590,1044
1434,286
1857,150
1018,274
1476,733
1516,1491
2068,1330
896,1079
620,1292
721,546
1202,649
1307,1447
343,59
1436,1159
1729,288
1573,1503
449,961
530,704
1403,1410
1959,1732
603,1405
1719,461
2086,215
1548,701
1306,1614
1434,608
281,1271
1419,1505
1807,1016
1644,704
1960,497
148,729
940,1179
350,639
786,1330
830,1310
1417,1303
940,1507
827,1383
627,1059
968,378
894,732
1476,1629
1449,1603
824,1534
1167,1504
2165,497
751,1127
1692,1127
1584,264
258,1024
886,1337
768,1470
1175,74
2048,352
1577,1512
266,1336
161,1320
1584,182
1466,1356
940,1192
637,1209
1998,1196
1772,439
1791,520
903,1058
69,1629
1167,80
189,1002
896,1607
2149,1253
736,1172
1504,1081
1854,1023
1695,284
680,283
1176,1587
493,1558
2016,408
2049,1201
624,1079
1111,1645
1818,1067
215,58
286,602
1717,1013
729,1247
1859,1154
1790,520
733,722
737,1488
731,1230
1435,291
604,1559
1440,1228
122,32
1270,664
624,1010
2044,1559
89,1530
1961,1444
1142,1382
1850,1187
1675,918
685,1001
2023,1517
1857,1640
1376,150
745,1284
2096,637
637,737
1648,409
1452,1419
1235,669
1167,1569
1609,411
73,1017
249,1382
484,630
2052,1311
1316,1141
1247,520
1134,1112
1273,1507
904,1126
857,1477
1770,1181
904,1533
155,1078
794,1558
148,281
605,1059
904,1153
1848,1382
721,1379
1011,608
1468,123
1846,1422
1763,500
667,445
466,1152
722,371
350,1290
1288,1224
1249,580
1785,119
1065,1304
666,480
1285,1575
553,945
641,288
215,1224
887,1620
758,1601
969,271
764,1549
397,339
733,1103
794,662
1005,1492
564,1209
1509,728
603,1187
758,861
731,850
1882,1081
1847,1076
734,1237
1655,968
2025,1304
258,729
1071,283
78,1070
1492,1181
829,1624
966,1015
331,286
1811,1410
1958,1529
1447,1581
1824,198
1439,794
998,691
805,1393
1371,900
1101,312
1585,1642
1681,1558
1776,1532
1296,942
1371,868
1848,1266
389,547
1755,1424
1157,1178
1281,234
2062,1531
683,509
324,1072
729,1015
901,1507
2170,444
1368,352
51,1050
1711,1466
1607,369
1263,606
1580,634
1478,628
738,1047
1429,890
1007,286
1891,575
1566,1448
1816,682
889,329
1714,963
1280,1628
1824,732
1820,47
1587,1187
394,1486
851,1129
967,721
1777,606
1316,1545
2048,1302
1439,1202
206,778
1829,1072
700,1608
1825,425
1750,1213
486,520
1999,606
1201,602
420,1382
1977,1559
1108,693
1304,509
1622,1152
2085,1156
1889,1083
1675,962
1813,1473
1809,189
487,301
1079,621
2128,1492
292,1081
1236,1158
1510,1145
1891,1370
1814,1277
594,1409
499,148
392,32
1630,675
1714,1530
357,1279
8,1534
471,449
1204,1505
1037,1359
791,1197
1584,987
598,76
1439,1690
190,281
1785,1240
1475,1357
1945,1209
622,705
1686,1243
824,406
835,437
1371,1493
666,1676
1486,593
1086,667
1725,829
1414,1415
1809,1601
1437,302
2090,1680
2093,1450
1606,1244
1559,1462
1281,303
1440,155
1319,550
1136,1354
2028,296
555,1445
2023,507
1438,1151
1712,1676
80,1163
1960,1508
1332,123
1323,661
154,1668
1433,1017
616,1111
1616,409
1534,1072
1399,1446
803,900
82,422
1956,1451
803,865
732,1519
1778,1179
805,1459
732,1270
257,614
1854,1235
1369,954
1381,538
1347,641
39,1054
621,1242
1139,163
1436,1214
2027,1395
341,1338
62,607
1266,625
1284,665
737,1617
1550,780
357,1507
384,520
735,286
64,1561
1853,879
1501,1221
1512,721
1138,323
338,1618
329,1290
661,326
1846,1480
189,1262
1098,1518
893,1253
261,1227
1246,1601
1975,1117
326,519
218,1451
1233,1000
389,995
934,1162
1555,1406
1231,621
85,962
1472,1382
1030,374
1403,1187
768,1251
1780,1486
734,1404
2085,1530
589,596
345,1614
1831,720
1477,1223
3,171
1144,374
147,1313
1063,1645
349,1169
639,288
1273,1015
880,442
1346,729
1309,799
419,976
214,497
1139,292
533,960
324,291
182,1277
1696,4
1434,1575
1779,1117
700,1141
1989,173
92,595
499,918
275,1505
666,780
478,1505
1853,911
667,925
1444,110
744,1515
922,1520
488,818
743,1616
1634,664
2132,124
1785,995
1999,288
938,1158
1436,301
1278,1135
2087,820
148,1158
661,505
1580,1530
2172,51
1551,1457
818,1349
622,1683
1208,1050
284,1188
1547,611
1440,341
1984,631
361,1473
2091,1179
1860,605
1548,173
1281,1290
893,1647
1758,1152
1511,633
1559,1619
750,330
1475,610
462,1010
2083,291
726,908
9,1675
141,569
1889,722
293,804
2016,486
1075,1663
1929,1029
1489,773
1636,1350
1757,787
1453,1601
1266,1521
1860,1589
1170,1183
1551,1070
449,1478
1702,1293
1152,384
1714,1275
656,486
1004,1183
1371,297
1846,968
813,730
1589,1085
3,333
286,1705
1750,598
1212,1144
1906,395
1474,1157
730,186
1202,1141
1241,327
466,779
599,38
736,198
1286,1067
1708,1308
1477,1020
2112,735
765,99
1416,549
189,1716
346,663
813,1058
597,777
149,1304
328,189
725,1603
1265,1186
1658,658
1279,452
1441,740
410,664
1720,1365
620,1308
1793,1243
1443,1230
1879,1645
1441,1583
1350,802
1922,388
2048,1438
1279,1338
1483,1124
2094,784
1240,1158
1482,1158
349,598
390,1524
531,1620
1878,994
1452,1635
1181,1389
1985,1716
1780,281
315,872
317,1364
1509,1083
1067,264
608,1000
1431,835
614,333
2062,1264
310,1296
361,1545
1574,1704
1220,678
1012,1056
1513,775
1758,1516
1498,1459
1824,1222
1109,486
742,497
353,1247
388,1178
893,303
1168,553
1375,1359
1213,1197
1711,1505
830,1376
555,1471
665,1083
684,664
1411,1188
1296,1183
1788,649
1646,1305
1714,1045
1514,395
1555,322
1984,105
2171,275
1174,1138
1822,562
1086,1451
357,1276
1374,740
1778,828
1373,520
350,1673
1673,314
318,1699
895,373
1834,620
1985,351
1758,1068
1137,463
1071,1627
323,1188
386,649
1302,621
590,1078
889,1185
1981,1047
1620,1094
1878,1218
631,1329
1278,1415
901,1503
348,1159
1388,1330
1243,1329
740,1559
739,1020
493,1461
1451,1100
729,775
222,1683
858,1545
1819,933
623,1616
794,232
1681,1225
1480,1305
1103,1023
221,1671
1214,190
769,1028
1139,1466
295,145
1847,700
1226,730
1761,1296
199,1066
1477,623
1717,1461
555,1215
2054,1631
1468,1667
1409,547
2021,547
79,1668
420,1645
1568,162
664,1503
1558,723
2059,1506
1369,1115
1169,726
1548,1597
1763,394
1782,959
2096,1070
890,1186
1959,1224
1781,1478
1829,1614
1309,716
1508,704
1491,1281
590,908
1761,1017
1553,1676
1416,189
774,370
1265,546
1704,1674
1817,1276
1764,230
674,1224
828,1177
1471,1635
2083,155
182,381
1374,1671
214,1508
355,1247
1446,1019
1273,1183
1270,1153
792,1533
1479,1283
1836,1618
683,106
667,1117
1001,281
1640,569
1551,1197
1334,546
752,6
1413,450
1788,1141
2052,480
1992,1166
1951,609
1711,669
922,434
789,1433
1778,283
1673,637
1548,1205
2096,101
493,1167
1571,1405
1991,1058
534,1221
396,1494
364,1165
1240,262
737,1632
455,433
1406,1237
587,596
1616,775
620,349
666,1086
1778,1507
1513,1222
1430,105
590,182
2096,997
1208,740
275,1629
887,1172
1447,1217
1956,1094
1537,1297
676,1459
1091,781
1442,1718
1484,1059
402,1351
353,340
1448,789
1235,1710
1693,1507
192,1509
553,512
1826,1534
793,1382
1711,221
1773,1225
1249,1210
893,1578
1607,1713
1750,1606
1429,1284
2056,380
1979,1406
998,401
1227,1226
389,1671
1851,327
1278,1456
1794,123
1547,543
769,598
725,538
894,519
1008,646
1985,820
896,1135
1208,735
1209,1163
1501,1669
1849,1269
348,1292
1824,1683
757,1303
1432,1012
78,639
92,1491
1438,639
1826,396
1134,831
725,1213
973,650
91,1499
1356,1395
1512,1069
1278,1282
1741,1434
1406,1449
1273,611
1620,1518
660,395
1380,1605
1304,1281
173,1054
1485,1448
741,663
1817,1397
1006,715
1715,1671
1554,482
1162,1056
664,409
1439,1375
1534,270
1288,1349
1283,733
1443,933
729,497
1485,304
1452,76
178,1274
1725,1725
463,1121
662,1158
705,301
624,1458
705,537
9,1393
1857,1658
2165,1675
792,1309
1276,1391
729,1621
1067,1160
1336,705
1995,380
1227,1291
1727,1054
1200,1551
1350,1534
1982,613
1265,413
907,1025
1368,94
1317,1477
9,115
1755,29
800,1050
359,1665
470,1674
888,1067
1894,1669
1501,121
1575,1489
1782,928
1279,1193
1443,1247
1484,1671
1973,1508
1681,623
907,1661
1947,1492
2114,1127
1162,1182
1932,460
1474,1141
1414,833
731,1157
1537,1725
1851,1188
349,425
1345,514
428,245
1402,1027
789,90
764,260
1412,1072
1571,1281
1382,1309
1233,1393
590,1490
2093,1188
2095,1668
499,22
1988,653
689,1271
2156,1179
1507,1117
1203,1180
1614,1466
941,1415
1077,1227
1398,908
741,624
1235,1220
1080,1186
1437,452
1554,1534
430,1603
1498,665
2027,669
1478,1465
1417,599
1480,891
347,1666
1103,163
1433,624
1709,1010
1582,1215
1817,1247
1097,519
490,1257
1508,939
2051,1338
1472,1524
447,1054
1219,1057
1252,434
1610,467
1811,380
1430,619
703,739
496,1330
1552,1299
1916,1214
1439,479
1621,1278
1206,516
1449,1466
1717,828
1167,297
1854,127
1658,236
1219,733
423,148
1303,194
1281,1383
215,407
1498,441
586,1267
1566,1505
1857,1192
1785,795
1486,722
666,939
1061,581
587,1194
1501,606
656,187
1947,1366
835,1353
615,449
1441,1551
1811,204
1417,1108
327,1076
1613,781
1437,158
1129,1029
1821,1516
397,1284
1423,174
1618,1152
1109,1304
1037,1055
1581,623
736,1628
2166,638
2149,1208
564,467
694,1339
1431,1616
2051,1494
2089,823
891,733
1287,1514
1369,1293
1606,1468
690,296
428,1185
620,993
557,991
461,596
877,1501
893,1047
1312,1490
1435,1499
1262,1520
1469,347
82,1503
1210,704
1277,976
1083,1677
2054,159
1548,183
723,299
356,845
1560,1448
420,1676
1006,1376
130,231
887,1294
1280,732
152,1495
257,1186
1444,1082
2095,1018
1447,1665
493,623
621,1527
1142,1304
708,1330
388,1171
738,1459
941,1000
938,1011
2033,325
1381,1382
1452,516
1821,1170
1696,1348
960,1221
1211,452
328,1016
931,1160
668,1507
1782,578
1689,1055
723,690
2085,649
357,1186
1295,283
1715,1015
939,1291
115,284
1332,1554
1423,1224
91,291
807,1069
740,286
1788,1114
1775,1244
860,1043
1710,1085
616,1674
893,621
795,437
1818,1213
1783,1283
1024,1126
419,1424
1307,1632
1606,348
1442,822
1414,1719
1091,1009
1281,1487
894,1625
403,554
1444,723
1170,1318
1620,622
143,1169
51,731
1294,1233
62,1183
23,1590
1007,608
1034,1130
983,1668
1168,179
1879,145
743,1403
755,285
599,301
1634,230
249,313
1453,941
2022,1383
1312,603
1163,1504
729,1225
1552,729
399,1169
938,1177
1000,1138
1234,1507
1852,123
1557,1221
218,1094
1450,1419
1361,730
1995,604
1414,524
1237,226
733,1050
1277,1135
736,1222
1584,425
121,486
1710,1299
963,669
685,553
1342,632
192,1177
1817,1013
1882,595
2083,577
732,1416
1714,1411
928,1085
1439,632
1408,1354
1441,1174
1814,718
1277,1421
893,599
361,1025
1558,1127
1634,1560
1405,598
1509,1155
1710,165
1831,955
397,301
537,158
1406,915
983,122
2164,1616
1770,1010
1345,166
279,1617
801,380
1754,1676
1763,1290
1385,1700
1349,823
1957,1158
280,1669
1817,490
403,1629
1072,291
697,623
734,1282
215,487
2002,1411
1044,1633
2167,1617
2118,1517
1825,303
1509,166
740,1575
1208,1188
1283,771
694,1503
332,606
1476,1057
730,487
737,133
324,1031
1361,1508
1303,1596
1480,287
733,579
1888,1705
1894,182
614,552
1367,621
670,185
1368,802
999,1716
911,1184
1546,407
593,1276
1507,445
839,520
1773,1017
1167,1311
322,1667
1214,542
1347,1149
119,173
1506,1179
126,1221
802,1188
1275,850
727,125
1015,1111
907,129
701,1498
1287,1180
597,715
1824,1592
660,1395
1510,1541
413,1296
1007,1193
730,1082
1512,1158
1508,851
665,1155
1749,1670
936,1339
2031,273
1279,373
2171,1457
2031,1517
841,1657
1236,1675
1913,1675
739,1629
1436,331
730,1277
829,1270
460,963
909,1377
1899,509
558,129
1512,1213
939,1220
1442,1313
1507,1569
1440,179
2020,1668
1439,618
350,1299
1447,162
397,945
2128,1321
494,319
411,1290
1372,1158
940,828
722,1635
195,1406
1241,402
460,1411
1220,1574
342,1504
1854,1332
1772,1335
1437,1657
1551,138
1511,1305
2051,744
192,165
892,1079
621,660
1728,176
1577,1225
692,934
1300,1459
455,461
1385,357
1002,1680
827,1193
1444,744
1859,514
976,1478
145,1393
1013,608
872,1416
889,569
729,397
2093,1498
1630,219
1516,1545
735,1041
1181,1477
813,612
1643,631
593,623
1915,1303
365,189
1646,1381
114,1141
1205,271
1561,1348
1771,1281
1442,1344
1973,835
1129,605
1922,1284
1234,1705
869,648
1958,1685
1180,595
1104,570
1994,1607
1013,1182
2130,1550
954,331
1173,1186
1553,1159
794,523
696,1640
1077,590
729,1300
1170,339
356,1232
1828,663
1442,1578
1728,1072
1893,1459
1479,1780
1022,1406
1831,1111
1822,480
960,1248
2033,569
745,835
421,707
1959,1383
706,123
1084,1010
1296,1744
733,1424
81,715
485,735
756,704
1555,720
328,248
1310,1451
1314,147
947,609
1813,1018
670,1413
1750,1192
457,1461
125,287
1249,918
1440,560
426,1395
2,1291
961,1197
866,1213
1696,1728
922,1356
698,1629
732,448
1168,172
1775,546
2013,760
356,1549
1334,796
688,1068
1208,775
1585,1668
1643,276
1689,1183
706,771
2128,664
1720,941
729,1082
1711,225
1637,736
1423,1236
558,1381
2100,1724
1550,1228
1509,1176
1098,327
1831,276
1777,375
1228,903
1425,1505
728,1003
1249,1030
1578,361
738,1740
1637,288
79,781
928,1135
1824,1003
1270,1196
1245,1252
1202,157
1433,564
1927,1197
496,917
1982,1509
702,911
1652,633
1764,664
1445,497
275,1281
733,1583
1169,1492
1541,1270
1040,63
1431,174
257,514
2035,1460
284,1498
1704,1628
1715,119
1102,739
1007,324
1807,1184
1824,1673
1672,1196
621,1115
158,1304
155,881
1278,1527
1489,341
1994,1159
1381,90
1853,1775
1480,1376
50,1604
888,723
1447,1282
607,284
1442,1167
2110,1561
1981,1647
1829,1575
1585,916
1151,944
1471,918
1265,348
357,1065
928,257
1346,1177
969,1167
1511,1559
1442,1683
914,1275
608,890
1518,1382
1412,1094
1584,300
1448,827
1678,1356
1363,833
1977,1501
1006,179
1983,1338
890,665
1436,50
2048,569
44,1550
1755,1527
893,606
1553,1458
667,1424
1484,828
603,1281
1714,1169
157,292
814,331
1451,514
874,1459
1234,1192
1363,1229
1301,1052
1561,1460
568,1218
1238,1339
399,621
737,666
1412,1031
2125,1183
1825,1365
1035,163
1985,970
392,1305
685,1408
590,1194
2165,1393
1111,1041
1166,1506
120,645
995,1213
1077,519
2052,1534
1285,569
1587,918
1439,1158
516,236
1588,289
694,63
663,1305
1383,1041
50,1219
1853,1082
1786,1178
1278,655
1570,1184
1771,1236
1009,1169
1373,483
1773,553
1441,1424
2080,1757
731,1381
1385,581
1548,1069
1281,500
1383,749
896,711
1714,149
1788,1099
587,1724
853,606
1534,718
1403,918
317,426
357,621
1174,1663
1278,613
1771,116
705,99
1984,1719
1832,1685
1977,117
742,1226
1095,1169
1509,1163
1227,1395
501,637
1899,1229
1584,712
8,638
1438,1628
1445,283
1179,298
659,285
685,1278
2128,298
1616,1639
1559,1504
2053,817
1849,594
1650,1732
1788,1605
1998,1490
1521,581
1157,733
966,1498
528,1671
954,678
1168,1006
349,276
1981,276
653,1434
1551,407
1374,533
934,714
1746,1545
399,273
887,496
740,679
424,1213
939,1299
1512,1606
731,1753
1264,908
2027,631
360,1166
20,693
2054,645
1610,1771
590,264
1134,1126
197,325
1335,593
1168,711
1507,366
1709,276
1006,711
2044,1126
322,123
760,1758
801,1724
1851,1498
1373,1083
1105,623
1303,1674
803,149
745,1338
1453,1297
1415,935
1338,452
398,1438
867,835
2105,1057
2095,1620
1233,1448
1507,477
629,1530
594,1530
540,1283
350,1683
738,1520
827,855
1764,1234
1557,1017
946,1462
1484,1494
1278,715
1814,355
1362,1113
2171,1619
738,946
1385,537
199,1117
1442,1597
653,1252
1824,1535
661,567
737,1495
742,397
317,150
940,861
1419,1181
1442,193
1224,611
800,1257
1076,1223
1101,582
1346,1214
1444,1383
13,543
1412,718
603,1729
428,1643
1280,1039
1819,351
689,1238
1947,1320
853,1184
1438,162
357,1156
1808,370
1778,962
1447,609
1171,1187
1179,1492
1973,955
1443,602
1855,1629
626,183
1478,569
1988,1549
1481,1030
1241,1666
941,1393
360,1001
450,1644
1288,566
157,1498
738,115
457,1410
1507,221
1273,1069
115,1506
725,707
889,1673
1991,732
736,1151
1714,1055
697,792
1168,784
1103,1507
1501,325
1442,1342
901,1069
1932,908
721,941
82,1368
904,155
1140,696
2101,1017
1480,480
616,1058
667,976
1252,1356
1770,1116
1139,731
470,116
1150,1055
268,1395
632,231
868,1614
1287,496
386,1587
603,1499
1856,803
728,571
1958,627
1714,1033
1573,1183
187,850
1435,1629
911,606
935,1305
857,1185
120,1758
121,817
1675,872
1968,778
1679,1021
777,1054
218,339
1749,1016
380,123
722,1419
1005,746
688,264
501,1153
1209,1713
1655,817
740,1504
894,1039
963,900
1410,260
1537,1132
1432,663
768,1237
216,1266
2017,1434
1777,1402
2054,1050
355,1439
1210,480
1480,567
1557,569
757,1495
1374,1429
1542,1127
224,1187
349,744
1552,1241
1308,1213
1484,1192
1714,515
1771,1509
403,1281
553,1200
495,1021
1959,58
2044,664
829,1062
2161,1247
363,595
472,1293
1018,1170
1498,1337
2028,1257
1371,1764
1827,124
1113,581
2036,1011
1810,1165
766,127
2171,171
1437,151
1208,414
1768,1179
2094,1163
619,174
392,1212
901,1183
802,1197
1777,519
865,1612
759,1760
1168,1079
695,507
737,1047
1973,282
88,493
1927,648
1235,499
1782,1671
1507,673
2151,1096
356,1213
428,1545
667,1494
1959,1751
1754,1382
1888,1429
1282,263
1379,1333
1824,1013
732,822
1694,1574
1208,1145
1232,302
760,1729
1708,1227
1417,682
1825,1192
357,1179
321,1082
367,1016
1385,90
1471,1051
353,1068
1817,327
9,142
1552,491
1845,1290
632,1127
1249,1658
1405,296
1850,135
1228,1224
280,1698
470,778
1235,1262
1687,1650
1301,324
897,655
2161,543
1485,1393
694,1660
698,1057
1746,1185
1090,1228
1574,1430
522,633
676,562
1302,945
197,231
343,1111
1589,1153
1445,1247
2122,1003
622,1445
1472,1304
1516,1335
1177,245
1997,1601
1280,1738
1191,1668
120,159
1491,1505
1276,260
1472,1775
69,1057
682,612
487,1197
1777,1060
1751,1575
1438,1738
214,520
1206,66
1345,1155
762,718
465,276
1361,612
1417,1191
1317,605
1210,479
1030,1517
1469,537
960,1170
2086,1601
191,442
760,1086
1367,1517
1827,734
1438,1514
2086,705
1430,1515
1299,1181
1814,257
1302,1005
970,609
1492,1112
286,1310
367,322
1643,1514
731,602
828,1214
997,1212
1235,1299
1036,1156
1644,1152
1550,1458
357,1013
727,769
213,570
889,1013
1975,1620
947,1395
1504,1413
147,1395
402,1350
392,383
761,444
347,1056
1211,900
570,1554
542,219
340,1516
1582,10
735,618
2135,606
726,649
1419,1629
700,245
963,442
1548,708
621,1676
1480,1660
684,1340
1696,1280
1696,1505
1508,1310
601,1639
1114,210
1344,928
190,789
1788,676
1279,900
1152,1406
1621,1293
1574,1617
496,1769
392,1758
2023,1283
1814,291
1114,1132
1814,1001
1989,1500
280,800
126,1302
1316,1420
531,1124
1205,1519
1017,1060
325,1306
1301,1220
741,773
1983,1182
79,1262
359,610
1680,991
886,453
1403,765
396,1257
1773,1465
1073,1478
1436,844
1723,1187
1278,1678
1214,1516
1548,1429
396,1377
1516,1252
589,1668
1838,1280
1139,1179
683,1281
1034,660
363,380
497,1661
426,1405
1436,766
180,1607
1615,1327
1555,1280
1375,1157
420,1752
1008,1506
1680,1235
736,618
964,480
1445,1293
1449,1083
957,1225
1576,1428
524,611
1953,1156
2096,272
997,1141
793,1700
874,1227
1814,1769
499,1768
1445,1279
702,1524
1584,1078
2128,1365
1543,1496
627,603
2016,1601
1499,1517
1764,556
613,442
1846,1241
1200,1083
1588,1501
2043,1517
351,1041
1449,707
1506,1507
1301,156
389,550
349,1488
2166,1017
1381,1252
766,1354
460,827
692,590
460,260
1372,154
1309,991
1554,349
1537,1209
1316,524
894,1738
1545,1179
216,105
973,1140
997,1416
1281,1130
1980,1159
1616,1015
454,1139
1440,1611
1729,1502
564,1769
1915,407
732,1578
1166,272
460,149
1441,1429
1412,759
396,1179
417,749
146,150
1278,1152
1995,1025
1270,624
1414,1729
759,1036
1177,1141
1029,1500
1432,1127
1854,1663
587,22
284,602
1101,593
1434,606
1818,1619
1681,565
1263,1502
343,328
1236,1061
1968,1505
1790,1359
1584,1526
460,1607
1714,1159
1717,572
1788,218
389,1015
1508,1382
1559,1067
1776,1602
1374,1636
1438,1225
737,1639
546,1403
1144,1416
938,779
1772,1346
1614,1221
1888,1498
736,1177
1547,1247
393,312
2056,1158
741,176
734,480
1285,1013
1992,1321
350,255
558,1047
632,1694
349,302
734,1135
1319,1240
2098,1227
1552,1085
1580,185
227,596
2022,855
1281,751
1553,1571
2094,862
1813,765
772,763
1432,1278
1403,1276
653,356
1167,570
1977,1185
1107,1526
1233,1284
1445,169
619,1182
966,928
889,1225
1785,1243
186,93
993,401
1278,1159
1007,1498
1152,958
968,1274
874,747
1356,1291
1925,313
896,1159
1589,1028
1771,554
693,1030
1584,1279
253,1214
1552,1375
608,342
1577,1254
1218,1350
1205,1463
1482,563
1385,1209
805,1115
1484,361
1436,1520
1452,1714
214,1169
189,932
1444,1741
2027,1220
454,1559
1164,824
1584,1608
353,533
1770,115
1720,1139
675,833
1265,1377
1977,1465
1678,831
1550,1454
1818,598
395,935
1332,210
1300,630
1478,325
52,1003
1233,1415
995,1187
1442,1003
1162,1504
632,1644
359,1021
756,1086
1437,1639
1889,1170
1620,1179
869,1142
1891,767
1726,1356
738,576
1171,1179
191,122
598,1243
1847,1424
1587,1194
158,408
789,537
2089,1724
928,1533
733,1135
749,1069
1832,1233
939,631
1833,1338
2171,1229
1440,508
692,563
1490,1340
318,1778
1746,1700
909,1186
1648,485
422,1381
1300,563
702,408
726,176
893,1169
1437,1562
307,661
1807,572
1300,747
1915,1751
1891,1316
1455,1502
1303,1538
1275,598
1811,1195
1518,1603
1778,744
2028,1494
1474,649
392,480
1684,1144
1961,570
88,691
297,1141
1297,605
499,746
1444,186
1571,1729
353,627
1091,1677
1371,1023
1607,1590
1474,1587
284,1011
1575,1752
865,716
1277,746
999,970
1524,908
1720,663
1275,940
1614,1220
1407,1057
1617,991
639,1502
727,1581
1916,813
841,761
1093,1669
1691,174
676,1228
1824,1151
1655,1590
1453,1085
1339,290
622,107
327,1424
1831,1403
742,1393
1550,1079
726,1330
229,1209
1821,340
189,976
893,1433
396,567
494,555
1789,936
624,1733
595,772
1438,618
1552,481
1452,1277
895,890
2050,1507
193,855
2016,1422
381,1243
665,166
349,1199
473,1338
1167,872
1825,743
340,1170
2051,1569
1888,1310
1371,1641
1822,553
1754,749
1826,576
692,38
399,1244
110,348
1984,71
1484,296
1086,1123
1274,1494
1173,281
1108,1053
293,1434
1989,1069
1266,1073
1456,1166
1174,1772
1688,1416
1097,1124
1755,1192
928,239
2133,1657
1373,968
1514,1281
1980,631
359,573
1400,370
1516,747
329,1647
1492,1508
1434,400
615,1067
733,763
2049,1183
1622,569
694,287
1252,1330
1022,384
1269,596
1317,1501
842,210
1545,774
1066,693
939,669
1805,1184
1341,1662
2027,174
1375,633
1477,271
1205,1167
1349,563
1273,1179
1535,1502
1895,173
344,1127
2098,563
1452,826
668,82
1398,1296
1754,1041
1416,1168
1278,957
1445,565
1208,1593
910,908
1831,610
553,845
1436,946
1535,288
1782,1305
268,1337
2147,1184
620,599
1267,765
46,1321
519,1590
478,1280
364,1195
2044,663
1843,286
1819,1753
1438,613
673,1669
1908,1336
1285,117
127,1169
1134,63
320,1663
465,1130
1440,1135
760,32
694,567
1432,497
82,1463
1537,1085
1438,1256
1217,1225
763,1498
386,651
256,1758
1832,1001
1017,285
2087,1716
976,1442
2042,612
1265,1501
925,1210
404,1626
732,787
1571,1499
549,1184
1260,1275
836,1348
199,1569
960,1600
998,1297
1637,1632
1026,663
1439,1383
1415,1036
1437,1338
397,288
1988,93
934,1158
887,387
685,341
897,746
623,1038
1309,1612
1350,1040
730,1741
1172,1680
622,491
1317,1185
1566,1000
199,1620
417,589
788,658
1580,499
1657,312
1371,1761
590,917
1558,564
268,1291
1485,1451
1436,1495
1506,82
401,565
1214,1248
1505,589
1975,1569
1536,1308
9,1114
1434,1559
118,1724
1560,552
812,1346
682,1178
1381,486
1265,1442
389,1688
1479,1529
1445,1225
1466,1330
1374,1223
1796,1356
89,634
1449,1220
1580,1192
799,1169
1453,849
737,1514
1164,1292
1510,1381
591,1665
620,1152
177,964
1784,628
763,1499
1330,908
313,411
1521,1252
613,1348
1236,613
663,485
682,1010
1585,746
2086,1153
457,1225
1513,505
996,1193
1819,560
423,1575
1489,1001
622,1241
1681,662
726,1769
1566,1181
1975,1066
213,1444
1174,767
1220,331
1162,608
1508,1086
258,977
909,604
685,1409
2100,962
342,1462
991,1184
1867,661
1210,1218
928,705
1267,1138
764,1585
1484,514
416,1152
1485,593
872,1005
1588,1267
1445,1685
1035,292
904,624
1993,374
494,884
694,1310
2094,928
1345,1176
1268,1267
1307,999
1512,744
1007,1018
1587,596
1820,847
1411,1187
1166,610
1088,1451
731,1247
1452,961
1511,273
183,1109
744,1504
1445,1621
1957,1590
1003,1179
689,1448
1551,1383
1277,1716
1992,624
1478,1494
1778,1377
758,1241
594,1291
2057,327
838,705
1973,59
464,165
1882,1643
728,234
1385,986
1879,1270
1535,1054
1554,599
1098,1463
1545,828
900,1494
1628,664
760,957
1070,570
829,1510
352,553
974,1603
1474,1545
878,1744
568,322
1287,1392
690,1494
703,1051
1879,1041
736,1738
1170,1766
1584,1699
488,1292
1374,567
1686,1714
1339,1353
688,1078
1711,1220
2165,1114
1918,1758
935,1163
1825,276
1621,228
1512,1640
1717,777
628,1383
1473,602
1350,630
466,1308
1434,1182
1176,691
2112,1183
1127,1184
1434,679
1208,1541
701,1384
1281,599
1818,513
2071,1018
1130,1633
1640,1221
2161,1197
1239,1163
207,398
2092,827
1060,1554
1657,1030
893,1396
1382,1153
478,4
470,1067
1568,1183
608,1505
1070,1158
1606,1442
1894,1041
629,828
1621,512
1589,411
619,1667
1321,1184
1846,189
670,1302
2027,947
1198,1208
1634,1126
2023,1163
1479,507
692,1382
1882,666
1825,1199
894,1058
286,361
1482,934
460,183
2095,1375
697,1167
592,1332
736,613
1619,631
463,1565
1372,1188
1846,1430
862,603
1673,1188
213,1184
621,1066
968,962
1748,1405
1213,1183
190,631
1768,1507
772,579
1472,1162
1139,1507
1167,758
1983,608
1198,1321
735,870
736,1299
1687,1036
1167,918
1744,707
1741,356
1444,1680
635,603
732,1089
354,847
245,1029
670,1081
194,1753
1439,1182
422,1305
1319,1446
1613,1009
2083,1635
691,366
1429,835
1071,1215
479,1180
2050,611
1782,383
1635,333
2013,357
1690,630
800,981
1355,285
1494,1507
424,184
1486,1068
1280,568
1809,401
1788,1139
1947,1194
404,115
1424,1338
2051,221
1469,99
2172,780
1489,1502
1288,1337
453,1416
745,1505
392,511
591,1021
1448,21
1035,1507
861,1210
1350,1698
1581,1775
1848,71
1441,763
396,828
1183,1184
638,1308
1974,1785
1997,964
1856,1160
430,707
966,1145
692,1752
1134,341
1409,795
1449,570
1264,882
445,1502
586,1501
404,609
1499,273
1281,1433
1350,1041
1219,1405
1100,1152
1083,171
706,1019
1904,555
1137,1359
2093,1163
1579,1179
1354,1784
1337,1080
189,1424
1508,655
1775,621
1749,774
1622,483
449,1297
1164,966
1212,1260
1264,1644
337,836
1445,708
1443,1529
1696,619
1640,1152
1441,1512
1175,970
1061,1209
82,327
501,314
1894,749
1439,1303
1285,1673
930,649
146,1257
1169,746
1455,326
1887,911
410,556
1489,1669
637,1085
1437,170
2081,761
726,987
1713,1268
463,221
734,553
189,239
682,1112
552,1534
1369,331
1157,1060
1408,1663
824,630
1214,620
385,40
1403,380
1537,1498
328,705
983,772
557,799
1238,1498
2023,884
1489,513
827,1303
1507,1192
1442,72
1982,1271
1347,487
1111,648
760,833
1198,312
526,409
759,30
675,621
1382,1533
1824,1058
449,1725
1555,1667
1829,215
1451,690
1983,772
1347,1383
1138,633
1545,634
1441,1050
2016,705
1283,1505
1571,291
1218,1784
2100,1630
1434,1054
150,1541
1785,1218
1246,1135
1981,1514
1900,1395
1817,393
1412,778
175,606
1989,1617
2086,637
1721,1416
954,1574
765,1775
1998,748
350,1066
1157,285
2013,1253
1380,232
392,959
81,292
968,66
1485,1184
1486,1696
1777,304
621,1130
1491,51
1673,292
80,862
1402,1501
1848,290
1434,1184
1785,572
1548,1082
1138,598
585,1379
1845,143
1837,836
562,58
1643,1527
1443,1157
1725,1297
1152,62
632,1042
1416,1422
616,1226
1435,1020
830,85
154,122
2148,1580
1824,1299
2,499
189,1684
1245,292
1362,1340
1101,1197
1235,1121
1208,292
1429,1505
328,568
215,1751
1893,749
1818,487
1824,568
766,1663
1552,1683
1717,1410
1491,1739
598,1258
589,122
666,239
1619,1445
1510,409
1449,577
685,773
296,1218
621,1571
257,1500
352,1163
1621,1562
2099,1182
2027,1159
1411,292
690,533
1235,631
1012,1182
1277,632
2053,1304
1824,255
1208,1223
736,787
1206,743
177,1153
1032,1382
285,187
744,566
1850,291
1278,1706
1829,663
1134,959
1780,304
343,610
1960,861
1208,1631
995,298
623,745
8,1086
772,1501
1162,160
1371,641
1167,333
190,1625
177,637
1999,1502
894,591
1961,606
1818,1303
57,1500
1182,1309
463,324
1710,1061
1443,1305
1482,1382
62,1126
1415,1760
391,1780
670,377
389,795
1479,1305
1023,846
1985,1754
1285,1559
1073,312
898,1530
740,608
693,987
691,1124
1451,299
1925,408
666,1551
1448,1330
1977,1221
1489,1409
1441,1257
1584,1044
897,1642
357,393
1850,1031
245,761
1006,1618
1499,1729
1208,1055
192,398
39,606
2092,963
81,1498
1575,301
1809,1297
1657,1208
1270,1051
1159,1575
999,163
1234,598
1446,660
1704,1127
1277,1528
695,1780
388,1508
69,161
1981,855
402,1335
1485,1271
1276,1257
1397,1054
904,1051
1825,302
1004,1766
457,1670
259,1303
972,1545
345,1127
1134,1499
1756,1260
1678,315
2029,954
1432,1393
1648,1381
1469,1253
907,1138
762,759
1828,1630
758,1377
937,1339
428,299
1573,1500
670,802
585,1185
1956,1072
1721,1270
2128,596
1587,155
388,1515
599,1752
356,1303
1811,1586
824,593
1469,1443
722,155
396,1144
1915,39
1350,1302
179,380
1570,1559
381,1443
1455,1464
1345,1270
1566,342
1040,341
1860,1185
972,1141
1214,1068
1157,1181
1437,1495
1446,1130
152,743
839,1197
345,1072
1379,1353
310,1390
1437,1632
326,71
1852,1137
693,760
1314,1643
1091,1171
859,1366
1549,1788
392,1015
637,1725
413,773
312,1266
1859,636
1007,31
1900,2
1181,1409
743,1070
664,1631
1174,18
378,1778
1689,607
703,1635
1151,48
1380,1558
1249,1253
1104,1220
1443,1498
1696,62
1807,774
2024,1339
1825,1169
1436,576
1916,977
145,1293
827,641
1550,332
1818,1156
1201,1498
485,607
1621,845
1856,1699
206,109
2022,599
1336,1085
1475,1180
1566,609
1568,1112
1723,1410
343,1403
1825,1047
1750,1047
1980,1079
1982,1625
1814,789
1444,1067
1171,1051
180,1159
1725,1389
824,1086
637,1498
1301,570
1650,1507
663,1157
1156,1170
1409,1522
60,1559
1115,1184
824,1384
1437,666
2022,1162
1003,1059
1373,66
1681,1167
197,117
1438,1681
1758,1618
1438,1430
603,1168
1174,1548
1217,1463
937,1122
837,710
1442,1519
729,1186
1234,85
356,39
1610,21
2096,1518
1232,1516
708,1778
1720,651
1549,2
18,1179
1424,778
216,1157
700,1545
700,1157
898,1391
216,1685
360,21
885,1178
768,1778
1034,1094
1984,1061
1886,1069
689,1393
1088,667
1693,1179
2118,1464
1252,1520
1881,90
1709,780
1927,1421
1415,30
844,12
1783,1157
1566,1786
1476,1507
1575,38
1796,1778
1952,107
1017,1181
1072,1187
1551,1038
762,1072
1403,1154
1988,1192
1580,1081
871,58
1284,1186
2093,1075
1435,770
1287,1620
1958,105
1436,1459
555,1066
1275,44
464,705
662,1069
1344,85
189,1082
718,624
1018,1516
1579,1507
1386,658
1220,1178
1151,1742
1817,1179
629,634
585,1085
388,51
1138,1192
1226,1178
1151,846
689,1451
817,1508
1968,109
392,37
688,1526
1542,748
1864,1390
1480,1753
1200,1155
1017,1178
1134,1727
875,1181
1218,6
1280,1061
1507,1121
901,1500
694,1463
1515,1181
898,1127
1516,1195
222,107
1436,1047
158,1382
1687,754
1533,1184
1549,1044
1511,1157
1725,1188
533,1402
851,661
568,1442
1063,1041
1281,1017
795,1057
1622,1078
1580,1157
696,765
516,658
1445,1015
626,1159
1517,650
2063,1051
1713,1033
2019,712
1746,1643
283,767
867,791
1167,1018
744,619
1437,1047
670,1068
1175,820
1867,1129
1423,1127
1973,1786
1851,1636
735,1056
1553,1066
879,1179
743,835
966,775
1168,1075
349,1639
1131,1642
1821,1033
1827,1020
558,1015
772,1185
1830,1408
451,1410
1840,1784
1303,642
1026,1559
1094,1186
842,1554
1421,1059
496,1407
729,1407
1825,621
943,621
1968,1012
340,620
357,1407
1710,1625
1167,772
1047,1184
1179,1025
1435,1057
2056,828
1551,622
925,1658
1658,1554
1824,1620
1831,1070
1026,1127
1005,1044
1468,771
616,1067
1814,637
1906,1395
1849,1196
2099,1055
519,822
1445,789
1569,1059
1673,1153
873,1052
1431,1403
1504,638
1104,1158
1542,1042
593,1775
356,1156
1928,747
1350,749
1207,721
1266,1195
1471,1768
417,1645
1889,1068
925,1030
2132,770
1509,1624
1717,1670
1781,1199
1955,835
391,1157
1265,1052
1642,1094
1450,1194
280,1041
2092,1614
1708,779
554,1070
1507,1159
1849,1788
1621,1200
1508,1010
1282,1159
1580,1409
1782,1758
1297,1185
1777,1184
1882,1409
1131,1044
1831,832
1375,1169
496,1078
486,1416
1303,1751
1440,1404
801,66
1508,1135

fold along x=1087
fold along y=895
fold along y=447
fold along x=543
fold along y=223
fold along x=271
fold along x=135
fold along x=67
fold along y=111
fold along x=33
fold along y=55
fold along y=27
