
> advent2020@1.0.0 day:13:c /Users/steveblack/Sites/advent-of-code-2021
> node build/day/13/c

tp.output
..............................#.............................
.............................###............................
............................#####...........................
...........................#######..........................
..........................#########.........................
.........................###########........................
........................#############.......................
.......................###############......................
......................#################.....................
.....................###################....................
....................#####################...................
...................#######################..................
..................#########################.................
.................###########################................
................#############################...............
...............###############################..............
..............#################################.............
............................................................
...........##.......###################.....................
..........#####......############################...........
.........##########.....##########################..........
........##############.......######################.........
.......##################.......#####################.......
......######################........##################......
.....###########################........###############.....
....###############################.........############....
...###################################.........##########...
..####################.............................########.
.##########............................................#####
>> TESTING >> tp.transparentPaper 9135,271
8140,325
2598,409
4485,334
9428,345
6511,338
14004,339
2103,338
4874,325
8074,323
10764,325
12022,327
14747,322
5231,339
7037,340
5231,332
10551,328
3283,96
12589,262
3133,340
8610,326
9399,326
13084,241
9119,152
10449,323
10166,190
14902,42
4549,255
5860,33
7655,105
12855,325
8331,218
10945,338
1124,340
12162,194
5292,325
14126,158
4690,93
11031,36
8932,340
8447,338
13384,190
4605,340
10336,338
10771,49
5616,271
10038,340
1377,171
10750,87
7531,340
11148,325
10529,340
10404,53
8821,167
4548,293
399,363
5255,323
12728,157
8945,191
6441,76
8443,380
8612,339
5345,333
10344,366
4243,365
14534,381
5262,385
6625,340
10640,394
12311,390
8945,287
2287,134
10338,98
8946,190
9131,276
5219,102
7039,365
5462,284
10356,339
5197,392
5155,103
12331,382
3620,379
4476,95
14240,73
10485,334
6432,309
5623,392
12196,388
12070,390
6861,342
5022,282
8176,387
2218,220
10324,335
8383,102
1930,103
3567,280
8631,177
11375,98
10359,328
5031,338
8853,392
9610,378
9357,250
9173,316
8515,247
5704,102
5140,323
3367,96
13769,94
14978,170
13147,104
10401,308
11186,102
8629,350
6495,307
13074,371
3312,342
6475,388
11371,365
10581,189
1186,342
9066,280
9129,392
12661,280
14381,334
6126,283
14915,352
2030,74
12812,388
9063,70
6200,282
2096,371
7531,192
5343,384
11023,379
8624,392
9230,37
653,373
3128,103
8299,392
15347,247
5264,102
10216,392
10383,92
2226,342
5647,70
2585,143
9423,380
2585,375
3350,391
5276,380
5901,38
11111,390
14656,392
12801,322
6494,340
10403,293
3444,333
5019,74
15498,392
12828,143
3580,283
9902,275
2674,390
4286,141
8691,308
5398,272
12801,156
4801,97
4748,321
5821,354
4864,391
11692,272
10097,68
15193,152
9172,326
7170,272
11214,336
7239,253
4225,103
11743,354
7179,331
5576,340
5276,361
4542,219
359,387
6507,74
4964,172
2579,320
9360,352
5458,355
14122,70
7953,322
11679,397
9116,55
12825,338
10454,67
8074,155
14217,325
5268,326
14919,156
8450,55
13938,223
10602,330
13324,190
12411,190
655,157
10526,340
3871,340
4539,342
1060,52
8141,350
631,271
11803,38
10344,350
11092,273
5301,386
4420,146
12463,36
8813,74
2657,112
5596,140
8098,402
6484,374
4538,42
10337,355
14967,381
12473,173
9249,400
1436,75
505,322
3948,397
10499,383
3134,191
8577,107
15490,330
2855,153
3749,189
2164,340
7715,38
2473,403
10385,264
11612,392
4046,323
8919,320
9283,320
2857,326
8383,272
9425,333
7895,309
10229,271
11086,146
15273,392
5094,247
11235,380
5085,396
4604,293
5039,321
8378,168
2126,393
7528,190
471,382
4715,167
3495,321
4909,74
5680,331
5267,391
8926,74
12835,70
9259,326
12953,369
641,392
12896,48
7516,402
5040,69
9930,152
4002,392
14185,315
6257,283
12829,335
715,320
11420,76
9283,380
7233,315
13097,319
3690,340
5695,252
7101,47
2655,172
2918,396
5776,284
10998,85
10465,313
8824,44
4489,309
2105,252
5238,271
2747,271
12480,284
10096,219
9369,282
14627,158
5517,308
11141,70
15332,219
8366,334
5607,392
12005,260
580,44
6689,43
11023,219
6679,190
14371,399
10388,104
8989,340
177,390
5706,340
3824,314
10849,382
5515,113
8638,283
11245,34
4238,393
4197,263
8503,190
5166,159
9303,354
8011,339
7508,33
9116,393
11855,156
10135,263
12488,275
5020,276
4227,75
6202,396
6761,392
201,338
5934,284
12896,340
10560,323
9738,343
2571,278
12667,156
10683,34
13015,308
2693,271
12357,103
6563,282
4909,256
14237,292
13072,102
9408,399
5026,273
4904,260
7414,219
9908,378
6637,157
13010,402
11066,293
6578,330
3024,191
2782,334
13949,259
13020,183
11865,189
5576,190
11245,333
4798,260
2897,293
10313,386
5209,198
5699,322
15468,146
5389,314
9053,366
6304,319
14298,282
5026,110
2531,290
9481,184
11864,152
12346,280
6741,153
9245,399
11863,175
11895,330
6977,96
14056,434
3758,314
4475,282
11923,135
11565,105
7906,272
4113,354
9068,216
3447,157
5126,330
1310,219
215,435
10523,343
11365,314
10586,340
5998,34
2083,395
10462,109
7274,196
7051,308
11031,83
13398,378
10632,34
14351,379
12358,289
11743,362
2783,403
13574,184
1134,392
10593,215
9123,70
5267,133
11497,252
4056,167
4704,445
13091,165
6131,124
9230,404
13336,191
10080,338
8132,322
14923,405
9654,21
10398,135
15471,156
1208,384
12534,325
10401,318
14008,318
13458,252
6551,190
6012,305
9300,384
9502,396
11983,279
5277,279
8142,85
2114,432
5013,153
10415,435
6338,153
11381,194
5702,407
10259,326
15028,152
11733,374
6547,259
13986,283
6504,285
8432,325
7219,156
12537,190
11116,275
830,94
2712,367
2463,166
10031,33
8385,13
7106,136
8568,172
6917,196
13197,145
9858,403
6122,340
8078,435
3085,320
10461,363
9351,321
11074,8
14065,283
5510,282
11843,272
2664,325
2778,406
10110,399
1187,292
14861,129
4958,194
5157,186
10803,384
7040,364
11075,338
7783,312
10337,159
9118,295
14423,354
11491,350
10452,280
5235,328
15595,156
1500,162
15281,128
10265,322
572,286
13991,290
10100,430
11015,171
10565,321
10768,364
2342,430
3142,154
11073,400
8343,395
11053,338
11182,404
11016,287
1731,139
5706,100
5011,392
6130,138
10753,271
10822,308
9418,192
5217,131
11137,138
10534,39
15348,323
4609,191
9613,373
5723,323
14490,340
709,315
4673,276
10321,326
14440,404
4484,74
13518,371
10338,1
7426,157
7417,196
10457,375
10467,259
6730,434
3755,279
5041,191
10340,44
278,364
8624,163
10076,399
13322,430
10464,293
10087,318
4537,189
1618,105
3687,435
12524,430
12043,173
11137,400
13930,85
6429,306
5085,11
13446,185
10403,376
11379,189
1194,395
11317,49
1791,106
9910,342
15023,146
13994,287
11007,127
3086,309
13987,194
9491,7
10705,342
12968,322
1618,313
10091,293
10462,305
9357,340
10833,132
10752,86
4243,334
11430,71
6511,81
12655,277
8862,42
9553,340
12976,194
4726,146
10513,79
14477,287
7215,146
9203,154
5213,196
9908,432
11565,373
2040,294
10398,220
10582,192
13059,392
10910,395
7165,196
6790,44
11495,325
8582,399
6510,338
6246,433
9168,102
2019,93
9473,219
1186,136
11255,364
5517,410
13337,372
5601,391
11011,191
8313,322
5301,85
9258,326
9449,388
9653,94
9108,190
9780,343
6007,427
2657,292
10089,386
14010,14
9791,340
9124,436
9481,80
1425,396
15449,439
7174,136
13027,338
4782,287
10832,191
7171,338
3450,14
1303,97
5027,189
13032,193
9259,86
8381,405
11442,68
4960,319
5509,263
6984,406
9848,153
14549,325
10329,408
12355,69
12475,432
14950,84
6683,288
14623,343
10705,256
14488,399
14887,86
2208,198
10818,279
11139,282
13130,434
11881,397
5150,403
2414,322
2837,273
10740,325
124,148
331,185
3555,156
7226,44
3760,324
14304,259
8510,67
1670,127
15279,288
13755,68
7787,156
6269,19
12833,283
9502,198
6489,409
10701,308
2564,330
4404,392
2536,409
13912,327
10909,215
14117,319
9615,206
6475,392
13152,408
11986,220
6496,295
5219,310
2660,282
3377,104
1295,34
12850,408
10393,383
2226,355
11428,219
9103,435
5514,128
13414,327
4959,214
403,75
12962,324
15018,379
5219,408
6072,315
4359,2
201,140
10387,200
10644,70
15037,13
3323,80
4781,132
15270,256
11254,326
2539,391
6183,428
8878,34
13260,277
13962,145
5227,202
1607,337
7645,189
12547,398
1826,148
4125,39
10931,395
2342,393
4234,309
5195,206
11193,314
13222,205
13513,53
4607,254
10039,201
11868,425
12280,106
7227,433
282,219
10076,334
9796,127
1061,471
14624,327
6865,368
10808,396
6004,378
5643,291
10669,271
7112,426
5766,153
9468,323
10468,196
5468,371
14499,81
4069,439
11014,201
2943,396
2413,192
10570,440
3995,440
5068,333
9067,48
4895,202
10173,259
2417,444
9971,343
14419,308
7472,325
4352,319
9828,393
7227,313
2286,446
4341,200
4899,322
11233,443
13389,100
13982,154
14365,363
1676,258
2487,154
5139,260
5286,12
15032,291
10982,450
12936,390
4056,311
8143,104
13799,19
2789,338
9966,311
12973,192
12838,399
389,311
9499,334
3201,378
6799,356
9844,262
9308,45
12598,123
9791,124
12940,148
8998,310
2159,288
4545,333
13801,343
13020,295
10648,106
3269,309
11074,308
9610,340
9975,4
3998,453
9707,204
4625,338
7091,320
13068,395
1361,201
13630,130
8461,133
3750,296
10959,36
161,409
2254,267
662,205
11495,351
8915,216
2487,382
13246,446
12411,132
8946,48
11060,190
12167,321
9067,315
5687,261
10225,444
10964,278
6023,261
15233,201
10467,282
11987,192
7526,71
7875,333
2298,104
8090,290
4239,357
9778,392
8874,70
9527,141
9066,310
2649,103
10864,394
7474,375
6677,319
12421,445
655,321
5042,408
10482,333
10376,327
9234,102
2227,340
10288,441
8710,82
2822,141
14106,222
10591,285
1245,248
3749,252
13019,102
12833,195
11981,248
7703,212
5452,201
3555,276
13200,315
7852,200
15091,260
4974,34
10034,355
10377,84
10526,306
7239,405
3881,444
13304,390
11364,396
7084,390
8081,100
7027,395
6503,203
2277,132
715,398
1606,318
10444,196
1683,7
12236,256
8469,447
2905,344
5337,314
7158,405
9182,200
9238,392
5142,153
10467,99
12489,139
2458,343
2126,331
2667,260
1500,316
7234,286
12039,409
6503,336
15280,85
4482,1
9786,285
15161,195
10399,81
10529,202
10344,408
14322,339
8494,440
9072,284
13464,85
14008,370
13816,152
2795,392
8396,370
10395,140
6071,283
11129,334
3747,156
10078,442
5583,143
10474,323
3158,280
10206,310
13999,319
8995,51
7521,323
2280,199
5091,343
12819,392
5530,313
8067,384
13748,306
13346,334
5453,436
9143,331
7600,280
13994,409
7770,199
3259,285
9129,263
13087,206
9073,336
10947,312
1332,445
2049,288
13631,408
5345,280
13997,350
13396,340
5038,261
8395,82
4503,328
6009,68
13527,278
11070,294
5260,391
6486,205
1303,381
7981,396
7469,198
6428,286
10593,326
11527,330
4051,308
11974,222
6130,340
5285,70
6682,406
12348,44
7209,275
1475,380
13584,404
5988,140
6191,14
2718,277
13872,205
143,322
2673,202
3183,453
2164,138
14874,210
8990,396
1702,328
6740,408
4550,189
5404,285
13328,446
2636,196
8395,396
14023,331
6558,7
11383,111
4991,153
13808,342
4059,342
6736,154
6503,261
13041,140
626,86
13878,247
13144,315
10459,283
3434,266
12272,325
1684,85
19,156
5527,259
14303,307
113,442
5448,199
14234,287
9627,323
9627,278
10400,259
11966,214
8443,290
13317,314
6260,71
14961,375
8595,148
12976,284
642,21
10034,220
4045,321
12846,217
3268,280
9123,5
10645,33
3562,128
3759,156
7966,75
10109,91
10354,39
14355,405
5953,132
10395,218
12590,191
2472,386
2912,151
13366,212
390,445
1145,320
10461,340
13139,375
5697,319
13996,404
9063,190
15291,284
6005,408
2220,68
9109,22
13406,198
12232,67
10117,265
10575,198
650,402
2851,282
15458,305
6499,340
12891,439
8861,97
8574,310
4603,288
4891,444
10705,74
11420,263
1467,392
4554,288
5713,441
4849,293
11138,95
8802,253
10531,315
1243,339
8568,352
6551,288
1845,384
8385,290
10252,273
5283,376
8245,200
2653,340
14256,385
10943,381
10572,37
6698,337
12486,103
3203,190
5584,75
9124,318
9714,200
5085,138
3940,199
6575,99
8063,331
5522,85
7725,81
4563,326
12955,379
8710,396
5772,319
10204,256
333,290
14163,154
699,48
8532,266
1247,352
7351,177
10277,164
10639,431
5239,270
7375,325
5277,191
7129,86
9668,130
6699,92
6560,283
5217,139
11123,396
5763,252
9612,146
4985,327
6561,272
10087,259
11420,215
10225,145
5388,332
11448,440
2671,453
1799,175
1137,287
8579,379
13318,370
10511,394
15453,409
5818,39
1247,153
6447,256
7899,252
8603,31
9919,372
13021,196
10280,290
5012,450
8380,143
13396,33
8998,367
4183,37
7932,90
9670,393
12833,435
10995,200
12458,200
2190,327
14613,132
5044,440
5409,322
5059,391
13327,302
12927,206
10405,272
9591,217
5212,435
2416,9
12938,325
10475,440
10750,207
14961,373
10632,444
10160,312
9642,392
3648,264
10711,394
6492,42
10380,213
8210,323
9496,462
7720,33
10281,279
10444,282
4623,333
10076,393
8638,49
2645,409
11059,467
13335,50
13916,333
11074,168
12600,273
13063,150
11597,442
8063,97
3135,337
4968,273
8559,322
2214,332
14838,395
2781,314
4166,256
12431,453
6669,167
8148,350
6067,135
1560,168
11639,85
14359,315
13020,337
1190,426
8524,218
12901,176
13509,252
14863,444
11129,222
10179,275
4626,151
4895,276
2463,154
116,392
14798,255
10259,334
10650,292
5706,312
9110,405
6214,88
4716,430
4258,385
10352,396
4279,325
11057,375
269,431
6133,398
13504,128
6682,316
1001,132
11369,432
11632,404
13020,205
11335,325
11394,393
9725,364
5081,263
5447,321
5689,24
11195,44
14424,168
13267,205
14062,352
11435,181
8122,206
2034,288
15282,375
8994,342
6571,81
10586,192
6030,393
13809,315
8078,186
9608,376
8497,406
2764,408
8871,355
5508,82
12218,343
11506,280
14601,191
13212,165
10451,219
13504,350
11885,202
11435,340
12285,405
9645,322
11943,97
13427,146
7645,256
9416,342
14008,282
9902,24
11428,318
13204,146
15018,19
9492,138
10325,102
7969,49
11995,405
9407,336
2098,386
13700,351
10333,52
5725,453
10836,434
4727,159
10391,271
15402,300
9626,388
12542,407
10013,327
13190,147
8017,124
4488,192
620,323
10280,212
8922,282
5149,292
12828,202
1673,124
12835,188
5465,311
8508,342
12396,155
8321,159
10581,252
12424,85
13018,407
9361,410
8444,319
11619,252
6131,354
8207,363
9597,102
14032,147
4313,321
8574,76
3131,9
14623,135
9925,24
11264,70
10495,326
12778,352
1882,85
937,402
10347,383
1139,162
8615,325
5764,130
10392,262
3500,323
13227,453
10273,340
6314,70
10210,165
8083,192
13152,70
13193,207
7461,335
6264,194
13643,276
13488,393
8995,427
15090,172
6244,463
8454,135
904,96
5325,276
4904,218
5833,166
7473,333
6179,284
7433,396
10337,287
10587,189
11565,152
10109,331
3203,194
9174,350
14289,147
2524,319
2586,165
5207,382
12724,39
4603,126
11913,338
9937,150
6742,445
8675,396
2270,324
6740,310
10530,132
6491,320
9527,152
5023,42
10950,367
10405,400
13149,340
1104,324
10387,202
3933,464
9604,249
13865,432
5727,270
3443,464
9484,123
11010,300
11854,324
4428,386
2351,372
10267,287
3323,278
10166,439
6313,344
10033,340
7479,409
10381,267
10222,163
5527,290
13805,313
13565,100
6426,432
2454,391
12338,152
11132,357
13272,432
9276,325
11619,393
9228,215
13937,258
9310,463
12421,33
3035,322
13809,373
10943,353
2651,44
1247,367
14799,201
7108,156
10649,10
11371,323
9370,463
8992,48
9841,81
13580,442
3101,263
11205,156
10634,434
9607,427
11380,426
4356,464
5580,342
11007,273
9606,62
12149,200
8749,410
10667,145
11498,375
13142,92
6498,314
6183,139
2150,85
6127,159
5117,213
9591,261
2647,336
8987,129
11069,145
10866,321
8147,365
7004,326
3142,111
5207,351
5946,130
5202,264
3555,398
14723,368
6296,395
322,374
9412,396
8646,334
8147,319
10118,394
7055,11
11186,386
13043,272
9796,319
9915,322
3151,322
12283,155
10381,211
8148,430
10135,393
10082,283
14791,338
2310,394
4720,169
12599,256
11014,277
11140,316
11003,399
6664,153
11733,104
13085,123
3652,25
12344,136
1537,323
653,105
2645,202
10529,396
9059,407
9915,342
11090,156
14784,94
3514,463
14066,375
12229,314
8873,273
9966,336
4583,323
5701,110
11019,315
9023,326
9526,334
10533,215
4054,290
654,84
10465,287
4251,202
9926,396
10520,167
11608,76
10269,145
13122,273
6612,395
14915,432
9293,78
5152,109
10419,206
1555,398
12367,218
12940,390
15321,218
14130,332
10719,202
3262,260
11080,408
7966,435
14290,154
3267,342
4189,323
13346,205
1459,392
6369,284
15275,248
12341,95
11745,114
13879,127
3397,396
12378,446
13407,97
10271,334
4678,159
12050,315
11255,404
12417,287
8738,314
3729,202
10589,463
3195,247
6793,287
5723,395
2764,407
6852,386
14253,81
10417,392
4541,190
8068,275
8629,308
2508,153
10034,258
8217,335
5170,196
12458,440
3151,11
14173,438
9554,318
1190,168
12980,397
4556,94
14147,272
9614,342
2595,307
10406,70
578,20
10290,96
14284,145
8437,455
9508,386
2495,393
1719,379
10409,22
3455,22
8611,454
6677,252
9116,337
31,321
12298,76
13732,205
10334,453
12779,128
9357,283
11178,282
2292,48
10316,153
4722,340
12058,396
5347,191
5147,259
10149,454
5969,322
10454,352
7516,215
9131,285
15215,363
5236,272
6185,321
6448,385
14542,191
5452,337
14118,427
1421,276
13776,277
13346,273
11451,155
10536,275
4838,284
11923,114
13337,132
8105,147
5016,334
4530,154
4419,44
7284,453
13130,44
11563,85
4599,336
12352,260
1294,459
5677,150
10804,265
10149,24
13369,333
13122,205
8077,248
7019,148
9138,443
10147,343
11067,285
7664,324
7156,313
5461,338
15412,342
11211,320
1818,388
10173,219
3217,323
12889,263
2647,142
10387,382
1309,393
4597,309
9827,333
13345,201
5211,102
12956,334
13595,453
12782,215
9004,222
12955,79
15403,364
9118,64
14376,273
6848,86
3316,162
2100,138
10754,206
10893,146
6920,55
3134,95
1266,282
6191,464
12956,284
14673,308
2832,455
637,324
8143,288
14171,282
11859,402
8402,199
499,380
1331,206
4830,214
14289,211
13850,87
12839,195
14988,392
11010,378
1618,373
11684,405
8461,396
11536,325
10459,302
13938,220
4546,457
13505,320
9174,409
9102,316
5722,20
4537,463
1293,325
7427,336
12305,273
12543,325
11187,218
9825,325
1305,135
10465,292
10347,133
11141,408
2619,328
11550,19
14160,275
10849,36
5591,145
8872,205
13317,215
14004,286
8314,343
11075,158
9286,202
13104,334
11124,343
7242,143
8692,168
12976,44
9020,383
4962,190
8254,310
6746,319
13148,435
1441,438
3667,215
4370,463
4479,74
401,195
3092,264
960,271
2609,325
3080,332
14305,308
5320,153
5201,76
5518,198
8304,335
14003,365
15206,164
12348,166
6498,55
2451,144
9103,338
9235,315
11214,142
9913,252
10225,160
13527,320
11193,164
10402,295
2966,335
8451,136
8480,331
4077,276
13330,375
8167,387
10276,473
8768,271
11624,33
10222,454
10013,271
10337,191
10457,338
5020,202
5145,310
9288,266
6365,198
8017,343
14417,279
8459,167
9546,428
10093,128
7895,92
2423,262
9067,219
8438,323
14659,156
11081,326
2303,144
3379,103
4048,394
11798,212
9934,34
9713,440
11301,95
11189,364
12899,427
4292,463
9074,385
5817,260
2488,141
1680,283
3624,288
408,314
10381,218
6558,471
4704,395
9914,12
14305,196
6469,391
13700,127
13488,147
9112,49
1864,153
7450,151
10594,335
13980,85
12779,124
5201,403
13396,220
8323,194
6311,2
13306,391
9463,323
12703,135
4775,332
12282,202
3575,318
10105,263
5273,144
2163,343
8384,458
6244,439
12971,339
2104,71
13263,127
10209,396
845,213
13191,262
10155,103
5392,24
10313,85
8153,263
12162,316
11799,469
5446,314
8375,253
1191,354
10275,14
4725,47
15421,335
11924,340
13267,273
9545,384
11914,342
2217,214
10150,85
10108,91
10821,196
9918,286
11597,322
5390,9
3344,144
6936,164
10354,275
10276,332
13029,375
11579,83
14309,135
11187,380
5384,332
6920,355
2276,433
3762,313
11749,338
10820,343
9462,266
6963,216
8146,163
8142,393
12978,145
4965,130
13427,455
14298,13
11076,436
14973,166
1561,162
13347,212
14077,219
6630,79
3771,395
6683,402
4602,169
10557,273
6498,439
7163,285
15594,343
13214,463
10412,144
13346,85
2593,65
9109,431
4380,338
13771,453
14499,158
11005,191
5583,316
9487,279
9138,442
10098,406
13379,469
5696,286
14282,206
14966,405
3267,376
9020,335
12770,310
11197,405
2601,456
12713,33
11146,23
11843,83
9065,371
12399,219
12456,198
4564,213
6553,315
2676,325
3397,442
14972,399
9119,157
8862,404
9964,40
12368,321
2837,431
3215,339
12650,199
8454,343
2725,263
15395,368
5258,379
14257,267
3256,135
2708,104
3014,273
13748,292
6743,174
11094,271
9668,153
2365,259
10595,404
4239,280
10637,22
2773,248
9681,21
2231,224
10094,61
14371,282
14754,394
11733,444
4705,263
6689,263
4486,291
4671,113
7162,338
570,142
11071,75
14128,132
10482,88
6679,140
5390,469
10644,325
11002,162
1603,380
1671,224
11865,226
5231,151
14300,436
10637,249
13209,315
6303,396
421,266
10092,375
9130,263
4974,154
1373,123
5023,160
3881,104
11684,375
12026,206
8280,396
5453,42
11335,153
1361,277
10644,408
9484,340
9036,90
5598,160
5083,315
13527,459
6659,24
5138,214
4726,92
5520,309
1368,7
11276,153
13497,439
5467,135
13101,152
4343,34
3332,398
8382,205
6474,206
10820,39
10329,310
7661,322
12302,136
2226,123
12059,202
9995,332
4545,84
11383,409
8646,144
5023,326
2837,445
11312,85
10636,160
10114,275
11743,81
3082,228
11310,385
10475,320
1382,12
11498,340
4946,444
12133,152
8505,403
11015,156
5333,403
2717,408
9124,212
11175,142
10665,86
9400,390
11417,335
10161,378
10150,432
13155,287
10159,351
5115,95
9562,95
12092,157
14281,394
6448,202
14508,150
8631,301
8452,338
684,395
1394,153
3101,215
1059,470
753,129
13013,456
7179,278
13502,219
213,144
8440,136
5404,284
14424,111
1106,328
12028,79
1010,187
5892,319
6929,94
12682,153
6540,93
8133,372
5284,162
10405,78
10761,198
4672,284
6522,331
5322,434
11440,315
9968,393
2231,408
3085,146
9778,326
11023,259
10191,153
11982,43
13308,217
5033,252
143,156
8020,378
4046,394
15021,205
10107,458
15052,153
4974,23
12541,142
3440,315
13338,433
7236,336
10169,143
5536,442
2349,295
14735,407
5900,200
6624,44
6936,314
1128,286
11873,189
12784,8
9176,471
14067,386
2830,76
14526,215
4434,455
14284,333
1636,272
4474,168
8176,91
8989,138
14496,76
4234,287
11992,407
6257,340
9904,342
12399,259
9218,33
9510,270
5383,315
6745,247
5772,288
9173,252
2598,429
10659,162
6277,91
4970,408
6432,200
10446,163
5763,226
11135,342
1550,393
6558,249
13332,140
12329,324
4234,191
10254,155
5211,286
5208,70
15034,44
9476,308
10877,201
6023,273
2582,395
6426,316
6600,218
12552,327
4052,166
10347,95
4945,271
10528,404
6488,308
5114,95
768,191
12346,470
10396,196
716,454
6008,62
9838,284
9909,312
4960,260
1295,435
7111,156
12969,409
10035,86
9186,192
14769,213
2995,94
15536,314
13501,289
2567,270
4194,76
5355,333
13093,319
7485,103
3279,92
10565,158
8693,47
10639,407
10587,289
9187,313
2227,168
2468,247
10634,314
11639,393
7362,136
10643,33
8576,95
11408,267
3816,153
5509,223
2758,320
14654,271
6548,280
1596,457
8811,315
7174,334
331,169
14023,326
14186,265
9621,343
1560,405
6449,267
15041,40
6812,253
3408,335
8935,301
10095,218
8887,212
4904,338
10088,315
7409,50
2086,271
12481,227
3280,271
10469,314
11132,1
10452,139
11384,287
12978,335
2245,263
13156,343
11363,398
4359,364
10407,382
5821,364
13875,301
12230,315
10939,469
4049,156
7474,325
11674,279
5781,319
6431,164
4431,276
15339,138
8989,258
12288,362
2416,229
12346,42
1930,223
994,253
6174,439
11126,407
14476,408
11499,258
13352,387
12133,326
5155,195
8798,327
2798,274
5235,150
10097,308
9036,148
6372,353
6679,177
7107,46
11558,167
4669,364
12706,13
9107,162
7233,438
4045,441
9846,445
12071,387
14970,79
10632,102
4966,372
11924,138
10523,301
10074,272
703,127
10454,426
3689,94
5278,162
12180,266
13255,94
13148,47
7219,396
3038,319
10271,226
629,155
2464,316
9848,3
10644,6
8440,334
13813,70
10336,232
14322,139
5229,162
2829,229
9056,229
15159,74
13032,76
6493,188
5221,103
9358,325
11275,453
9425,93
14336,387
5456,355
13025,312
13005,453
2643,339
13092,287
12798,319
13919,21
5509,314
9131,193
819,303
12871,150
10225,333
644,293
13987,315
6449,327
10373,87
567,405
15273,286
8452,293
14011,98
3375,276
10095,353
14541,249
5158,198
10877,277
8520,273
6363,167
10894,409
14920,52
4675,469
10791,328
2841,247
5086,456
8252,342
8111,148
8799,103
10422,273
5028,286
2726,192
12452,268
11365,23
9674,186
11885,396
10806,277
13091,196
15234,273
7239,225
8304,142
12247,382
13289,442
14980,313
8131,194
12977,22
10717,271
8434,385
8188,321
11864,407
11985,378
4179,288
14177,66
12302,33
13424,327
11011,432
9010,275
11249,133
9964,252
9667,410
8085,168
13139,103
14367,153
6334,396
5328,194
7894,33
5340,109
14479,280
10655,24
3000,82
6550,322
13364,205
9562,335
10887,167
6923,114
11499,354
8126,199
12004,454
11091,440
11943,86
10292,434
1615,177
9404,93
7046,306
12114,155
12978,323
13999,62
9124,470
13269,249
5084,132
13127,324
10216,272
9546,50
14907,231
10092,133
2581,443
9074,455
5015,398
3922,272
15270,222
991,442
10924,385
9120,340
10034,342
13395,247
4413,453
1624,321
1311,307
11908,23
2272,140
10162,201
828,318
7660,199
1418,404
12774,146
2826,164
1325,267
13072,445
2582,154
6371,254
12479,343
10161,42
9902,323
1611,365
10090,338
2787,321
12196,90
13083,45
10098,460
11014,160
9286,331
13143,408
3329,405
8554,200
9203,334
9543,283
9739,396
9607,399
8336,74
907,145
10378,445
4249,23
13459,339
8691,364
1451,154
10078,36
11375,357
7528,114
8499,379
9442,144
11693,224
9091,270
14001,308
14909,446
10356,379
10401,324
8932,316
11383,219
10033,296
5145,168
9113,78
5472,223
11296,456
8141,333
14246,7
8524,454
71,85
5599,457
14009,395
10041,189
11557,252
1673,140
4249,164
7957,425
943,201
5694,459
13086,354
4490,343
14009,164
13530,140
2783,326
12039,86
1100,210
11798,153
5149,128
10100,128
2905,324
14610,33
643,342
14610,273
14136,82
2579,202
10095,134
9308,194
9119,301
11322,463
1253,292
2728,314
13709,440
12225,164
10148,343
5399,253
10072,443
6699,262
13128,153
9414,394
11362,398
11803,320
1070,444
10224,9
11541,397
10804,333
11135,174
1672,288
5389,164
10637,456
9056,159
11560,40
14507,386
6380,376
8507,168
12355,342
10084,315
5042,324
12297,167
2166,260
13369,263
10622,215
14909,86
10330,162
9126,311
4539,408
11359,441
5160,103
10094,373
10931,83
10911,392
4525,340
5515,230
13879,283
9246,338
8554,278
9740,392
8925,263
10763,315
2830,402
10383,339
14969,314
12848,165
8331,260
5562,264
2327,150
9818,150
3084,340
13695,408
5145,314
8451,427
12170,385
10376,151
7508,266
11311,386
1424,135
4861,271
10603,148
6673,398
2290,288
9314,262
13197,400
1228,390
2521,319
5220,8
5318,320
2687,206
9656,441
10107,398
11117,273
10413,76
14002,18
10966,218
11624,445
13000,331
4629,444
10232,147
5653,319
4714,264
10778,336
8929,164
10872,144
5302,151
4707,334
1253,135
14256,464
12976,434
9717,396
9131,202
10528,456
8257,396
5464,167
10994,260
12775,141
13035,320
13746,159
1249,363
1496,427
11429,289
13453,364
5205,320
10338,241
10295,394
5527,403
10042,219
6682,340
10884,340
7162,75
4884,153
9998,450
14064,85
6742,205
1120,287
8514,308
10597,454
11558,326
5704,410
12291,278
6361,396
9059,312
13449,302
5264,271
8926,404
5399,321
10657,141
5586,410
7107,356
10105,314
5576,441
8138,140
5448,288
13831,261
8448,260
9616,444
2293,286
8252,136
13147,464
4806,156
5222,264
7283,260
10572,324
4486,471
142,84
2187,455
11266,456
4620,260
12413,160
9851,68
15298,319
10966,380
11440,435
12195,332
11264,430
8375,384
9327,325
5263,332
8106,33
10723,320
10523,427
13826,192
12826,31
6984,312
1325,331
13249,459
12911,227
11499,138
10031,143
12241,276
751,204
10698,374
5577,343
13921,144
3522,321
9971,301
7278,74
10106,464
8445,288
7212,279
9465,333
5882,343
10622,263
10525,310
5680,394
4538,436
11010,185
11017,322
9435,315
4279,153
15109,156
10450,22
13035,433
10449,155
8674,19
12966,318
9418,252
9523,23
6991,141
12357,375
2645,162
10149,162
11573,144
10332,46
10283,380
7159,381
10599,398
14302,404
3579,75
9170,371
5514,286
3285,324
4528,146
11545,439
6922,168
4724,283
6497,132
9124,160
7393,395
9014,458
8874,310
4542,109
15058,145
7331,440
9037,338
5343,324
3261,42
12640,385
10166,199
15269,335
7416,445
12980,384
14621,391
10650,186
12835,408
5210,53
13805,165
2121,338
8880,8
2404,374
5032,192
15395,110
5823,340
10378,393
11576,93
9129,395
11558,407
13377,443
3578,322
11074,272
14064,325
12243,199
12287,136
14500,342
14526,321
5947,68
13074,227
8206,85
6485,86
14786,252
4526,271
5524,338
1553,410
12483,163
5991,459
6507,162
2699,158
7234,79
12170,386
11801,311
14254,327
15040,205
1043,145
12893,18
13810,279
8942,223
453,315
5129,334
2278,157
11608,441
7825,344
14510,324
2600,405
1823,150
13369,215
2225,340
6791,283
5148,256
10162,381
9616,454
8507,46
13308,21
1672,441
78,164
9197,86
11127,195
14423,273
8577,340
13141,199
12766,319
8181,82
11549,142
575,376
2279,111
12174,24
9599,252
9368,167
4725,431
7722,456
1647,268
13078,409
10597,338
7455,321
9508,92
10393,95
10768,114
10847,337
3811,38
5752,201
12528,69
636,308
1420,263
9188,262
3262,130
8222,456
12638,320
11375,288
10784,454
7185,320
10832,287
6975,436
4977,22
15225,445
11186,376
8147,159
5276,398
9362,338
13391,316
2268,85
11205,396
11009,340
13024,343
13987,163
15407,310
15039,205
1257,371
5095,445
13560,277
5818,111
6929,132
6624,74
10745,327
4474,320
13198,229
10325,319
10388,374
2636,282
10725,151
12924,383
5197,153
7350,392
10055,276
9134,402
5693,194
11145,143
10155,273
2912,327
629,455
4303,386
10032,242
10894,315
13260,97
10396,470
10588,325
12115,266
12834,459
13311,334
2495,85
13644,32
11856,314
7037,107
1930,375
1797,410
7107,352
6677,8
6381,396
10515,19
2743,328
5027,410
5988,20
11365,95
3688,20
815,277
4917,287
2161,364
13215,96
1309,282
13394,68
14960,84
8145,198
6372,125
9181,339
8990,314
11020,434
6718,263
12709,154
8143,297
8276,452
5524,133
7040,168
341,392
11089,340
10959,251
15241,36
4648,20
4046,84
14567,153
3995,393
5924,85
10445,142
6496,445
9651,32
13991,403
8266,168
14282,393
7841,364
9111,168
5215,429
12579,22
5202,334
12977,142
11383,75
15400,458
5583,184
6007,51
10387,142
5231,92
10210,342
2102,280
12225,314
11616,453
4920,277
14043,336
13427,452
15205,158
13092,320
4235,189
7899,310
5510,318
11031,323
4655,444
9900,12
9934,331
11356,275
2717,354
2113,136
11374,219
4279,457
4169,84
8143,462
12836,146
8125,445
9267,392
2909,31
9107,287
13011,316
4726,332
10394,470
10133,202
13249,395
10988,390
7896,402
13315,218
6435,199
2226,324
5199,338
4497,85
10697,311
7827,156
13266,338
8914,150
12533,279
11016,156
5166,79
8217,383
6202,464
10880,283
15198,397
5170,282
5819,428
10528,336
5017,24
13171,86
10283,103
1422,74
10404,249
14606,234
10032,250
15039,273
5558,266
2259,448
13326,198
2418,386
9123,140
6499,173
10827,308
9717,82
7841,474
9907,76
10394,13
8884,164
6192,166
10417,152
9463,396
7351,234
8428,322
12300,378
10638,470
7167,338
5517,339
293,218
13868,318
9004,256
9118,33
13944,351
13355,30
7227,8
6421,319
10402,273
10472,153
14623,442
8116,211
5465,162
13025,204
10623,141
5205,228
7360,310
9111,310
4488,286
7046,324
5518,312
4178,342
2054,166
4239,190
6125,287
6254,352
8795,320
2821,151
12757,326
11009,318
10330,456
12736,158
5095,366
10500,383
1915,309
2909,447
4048,84
12619,94
13899,455
10395,171
13962,265
9114,462
6718,215
14387,146
10588,19
1620,191
11321,409
6550,66
12346,193
9132,266
11026,83
4115,234
12478,168
7915,395
10564,339
1385,256
6126,292
5208,433
6372,319
5509,455
4727,301
7360,48
4294,285
7739,333
5508,433
1380,432
11252,145
4313,383
14106,462
9104,84
15212,395
14840,286
6546,216
13126,141
4220,393
9237,279
14970,462
5818,16
8401,212
12463,11
14971,342
13517,156
15042,286
4789,325
9125,409
13514,340
3272,324
10582,92
8817,410
13022,259
12671,82
9242,353
2287,176
12534,286
7108,309
10135,21
11033,86
10939,9
866,19
10446,315
7227,470
15152,158
4306,397
4214,151
1620,409
6326,332
11093,324
6920,123
8639,165
8697,228
10621,156
9840,12
11693,134
2184,206
5834,343
4365,133
10086,431
593,205
13256,439
8445,99
13368,335
13222,273
9345,219
12171,464
4044,313
9103,397
2105,309
8400,202
13307,395
10772,279
8932,266
12114,323
2756,339
4049,105
11004,214
2899,315
11080,76
6990,86
12897,306
11191,296
9473,259
5215,315
5547,448
8078,129
14915,46
11315,135
5341,138
12308,379
10404,75
10745,83
14747,396
13043,86
2619,151
10640,34
11029,385
4605,100
5389,333
10239,32
11803,308
9118,242
9663,200
11263,142
10581,320
2530,380
7829,153
3116,145
12170,93
11068,381
4672,186
6184,315
8130,374
9162,459
3701,46
12411,126
2786,321
5152,127
13878,231
12361,431
5389,280
7107,48
9895,278
2334,404
9781,314
4585,93
11139,196
2760,153
9422,198
10266,452
10080,140
2538,326
10456,198
9489,431
6622,201
10823,123
7208,271
11427,405
4174,315
15255,91
10456,474
5338,394
8808,140
4610,410
5217,160
7310,335
11078,342
2512,143
2780,273
11235,320
4604,223
4479,404
4968,55
9599,141
5004,388
14376,205
3632,292
14252,107
10344,168
10419,92
12896,325
14007,337
8462,134
4421,314
406,439
4503,88
5708,39
5338,247
4490,162
6806,338
5218,44
1054,399
14241,123
5155,192
1397,386
1715,455
9912,407
14115,312
8609,263
3092,278
10284,352
8076,410
10821,282
8382,273
14711,153
9943,448
702,7
13061,451
13353,268
12841,407
6984,386
4176,228
14541,262
586,326
2570,325
1652,333
2342,46
5993,343
13329,350
12475,186
13330,404
12725,191
9193,222
2911,343
8455,308
2609,338
10341,334
8012,339
8402,395
5710,336
4960,279
12832,144
5090,102
2230,408
2275,324
7958,342
5703,67
10396,284
7160,430
10383,139
2652,324
3458,162
11987,312
10655,334
12353,394
12892,106
3125,139
14870,318
7470,315
86,212
11086,324
10394,436
9338,154
1735,283
8675,322
8544,151
1106,441
8982,314
3373,276
1488,158
12247,96
7160,343
1744,167
2752,445
3080,286
7920,95
8935,177
8935,57
8696,325
10807,325
14899,278
3562,373
322,204
1308,279
15224,445
13338,45
13151,154
6134,441
2428,140
14371,196
11448,222
14000,198
10806,201
1318,315
401,283
2168,185
2773,440
14319,81
11140,310
10947,186
13998,452
11121,13
8255,22
10833,262
11082,455
1016,44
10497,213
12206,335
11015,233
12480,95
8915,330
12367,34
9894,447
9061,15
8944,139
1848,278
11273,200
3312,136
13588,34
4373,134
11312,355
776,395
11702,322
11195,284
10588,273
6563,379
10751,396
10013,334
11363,322
8871,109
3162,210
8984,79
8812,393
1647,148
2443,386
10654,279
4561,320
7109,403
13352,211
2207,457
4258,453
15224,191
11944,32
15234,21
5766,475
2970,336
15109,322
14598,321
9616,275
13209,163
10596,462
2731,395
8925,43
2543,256
2571,272
2597,158
8153,313
8638,94
12483,9
398,123
5532,324
8835,324
9488,283
13316,14
12473,305
9608,342
3197,32
8881,168
9967,250
13122,33
13160,87
2284,85
4165,325
12165,379
3706,95
6570,323
10179,203
3857,398
5039,392
10636,318
8452,399
4028,388
2356,71
12763,76
8454,193
1415,154
4719,277
5146,196
12650,279
10386,333
9052,162
6178,374
10648,332
5278,232
14302,312
14406,94
13505,319
4186,188
3015,256
7514,81
6447,212
14671,201
3690,138
13812,378
461,286
12498,145
8227,443
10595,398
12770,287
9465,335
7646,339
5523,54
4958,343
13018,425
5021,455
10387,278
10955,68
12965,375
15533,81
8517,315
12704,446
11613,190
2747,447
8873,325
14260,144
2555,392
12118,310
3885,254
3454,463
12947,260
10504,160
8953,320
9904,314
7452,457
8372,439
14919,322
15263,321
10164,322
12041,397
5538,144
9781,134
7157,156
7233,318
11933,39
8497,286
1310,344
629,323
6318,320
11553,311
4612,162
14552,273
6920,80
12283,323
10105,223
14786,160
15021,273
9113,272
12472,111
3194,316
4436,436
11015,307
9377,397
5261,267
11201,453
13063,323
3865,338
9995,26
7536,403
1245,230
3636,85
12519,325
11606,337
11559,307
13476,87
11068,164
10725,275
4677,406
14497,315
6125,366
3572,426
10603,262
13274,279
3449,279
13272,310
5876,135
2597,198
1508,16
3326,458
4987,82
10772,374
2205,271
10534,286
4540,308
10882,160
11987,166
3771,206
3575,86
1549,283
8572,102
6619,51
6620,136
10158,355
2601,276
13571,252
816,457
1615,14
390,316
10118,154
7997,271
6304,463
10385,211
9602,160
12159,142
13143,70
6006,376
5032,406
14783,313
10521,405
1983,408
8015,310
6939,156
14711,325
8163,395
6986,365
5703,288
13495,273
4990,319
10150,350
310,151
9466,454
518,332
955,156
12956,454
10688,93
6251,80
11178,224
9502,280
11005,230
9010,323
13407,336
9851,410
8685,94
13106,325
8400,396
10632,273
6067,301
4678,319
11568,394
10465,368
5580,363
4006,312
6485,395
8440,342
11047,393
6987,303
7110,198
6900,333
13500,432
8023,435
5375,326
8139,309
14296,403
5110,280
1971,276
13050,388
9904,336
13325,68
4591,259
11499,135
4539,158
2746,327
11619,320
269,47
6088,334
2942,391
8140,340
2666,323
11383,19
11189,114
6904,82
11116,159
5301,393
5171,264
10417,265
2100,128
1335,147
8977,321
4325,152
1257,311
888,325
15170,342
11374,133
9179,199
2647,310
1204,320
10256,203
4604,463
10094,10
3706,23
5139,440
14054,445
1322,344
12328,273
9946,391
6848,392
9104,140
12782,324
8443,155
6135,344
4724,398
13941,398
6740,85
11989,315
4777,46
12974,457
12102,352
7664,394
5958,200
6929,146
13936,228
8884,314
3627,297
620,155
1495,354
6240,334
8061,82
9123,320
2354,375
5423,153
10169,383
6372,332
3273,155
5039,381
590,151
6256,312
10593,263
4671,141
2580,215
10936,159
7594,378
13604,150
2659,379
4806,322
13016,69
2882,398
1117,315
8919,19
5499,83
9890,263
11135,446
13026,284
6494,312
9655,332
2184,272
12342,402
6624,396
9443,26
8159,96
8509,278
8636,259
10838,342
11370,430
3268,198
4484,434
12861,211
5597,334
15345,167
8873,153
8372,263
12291,200
419,35
10100,286
11990,190
13364,273
7348,333
9433,106
12399,339
9611,308
10324,319
7082,153
3885,344
12282,398
9557,432
692,379
7424,337
2894,234
9182,115
4206,267
11090,322
10756,266
2531,50
10380,265
4591,379
14134,146
6251,68
6314,384
4704,155
13311,277
987,273
3195,231
9007,442
8207,115
10410,288
8190,337
10476,214
10992,156
12416,43
15241,442
14952,205
13406,280
5227,276
3114,150
4671,353
9523,263
4184,71
8404,459
795,391
8269,166
5445,278
7242,439
1919,236
1380,442
7781,226
10581,248
10134,266
11312,174
14846,191
3337,335
12781,196
1358,464
8123,452
5693,336
4603,287
5099,459
9007,82
13746,442
12968,156
10605,150
8823,403
13838,153
12373,267
4784,215
13400,146
3061,258
4897,447
2220,410
3134,287
5461,189
2587,171
13096,135
8511,273
11238,396
2594,205
8795,205
9358,312
5260,203
10459,103
5277,319
6057,380
13509,470
3756,199
8995,168
13346,155
10289,276
4255,96
9612,199
10628,273
12233,159
9488,409
9487,319
13148,369
10627,396
10882,252
1718,144
11116,199
5982,146
4028,90
9119,307
9290,266
5085,276
5828,285
13996,103
10415,338
7295,94
10107,80
1665,259
1679,279
1309,308
13149,404
2785,206
6507,191
2324,154
1805,315
4685,321
9623,459
5760,134
13967,330
9840,199
12298,316
15153,166
10286,343
8096,80
8992,306
4916,319
2530,235
7345,192
14003,113
9242,125
10591,326
6338,325
4578,328
12844,160
6505,277
6549,289
3303,97
5222,167
4001,288
9464,23
9795,428
10259,152
10620,394
12337,196
6635,395
2971,324
8264,392
12270,144
14794,113
8420,447
10588,153
10953,368
3019,68
4616,398
1426,376
13320,136
13026,310
5226,344
4544,288
7300,212
1437,279
13808,371
5573,309
12978,196
8852,213
11124,162
10156,338
9407,142
12725,167
2581,267
1975,166
9188,287
11859,393
13942,48
8738,398
3257,103
13289,271
2402,193
8610,446
10390,342
10326,343
11569,441
2545,452
11933,439
8504,280
9480,364
10286,194
10867,392
13201,286
4794,343
14221,273
10096,259
11264,408
13065,203
2775,459
3187,323
11363,276
10520,247
9259,380
5129,144
11119,13
12224,316
12609,141
6296,35
1615,464
4350,408
13509,79
10586,332
5324,382
6519,325
2039,309
12667,276
10555,327
9468,263
14837,139
4231,19
10211,49
1313,140
3256,289
4296,404
4655,227
11370,373
7844,199
2713,302
5435,203
15283,185
13036,266
9369,189
5049,392
7469,280
12850,324
11011,126
4459,323
4317,459
5080,399
7828,146
9355,163
14143,152
10392,264
4971,364
12436,325
10338,380
11314,380
3390,162
7227,165
14954,213
1314,42
11070,171
6002,439
14482,160
4559,157
8446,133
11120,342
8937,252
5648,311
5276,440
7186,322
13510,146
1946,445
10806,382
11503,310
11374,259
11619,168
9039,459
13683,396
4747,392
8385,344
14282,272
6568,80
12028,85
11895,148
13142,386
189,271
13322,48
12850,394
7952,314
1241,409
12888,343
14725,282
14918,277
10394,168
10091,429
14847,168
9130,374
7035,283
6174,322
9133,94
10215,253
10989,338
8397,465
14246,471
6752,439
13084,477
14296,315
4782,110
5789,325
8142,465
2590,303
9856,153
308,267
1594,87
1853,168
9510,151
13571,308
14544,444
8224,397
1869,397
5101,79
7617,207
5262,374
6983,140
1316,13
7404,323
11560,290
5924,393
10907,334
5347,167
8197,445
9139,90
787,330
10391,258
5201,162
11128,291
8144,163
10791,150
9188,216
12513,263
8871,174
12346,8
7725,397
13249,19
12734,453
8887,266
12345,49
10087,367
9120,138
2110,255
12925,145
12280,39
3500,37
1624,397
11257,379
10142,404
5225,155
10593,23
10329,39
10444,333
2655,306
11018,168
6779,324
12957,165
9318,395
8982,395
4599,288
6149,143
4985,91
1632,439
12349,173
7229,344
8881,382
12480,383
10705,293
10404,146
3493,320
1919,408
6125,431
12692,153
6477,158
12354,314
11069,162
5289,102
12734,93
8937,226
4558,260
9901,321
12843,386
5023,78
4534,70
14373,409
4539,458
7101,446
8010,136
5088,234
13353,90
10031,162
4765,96
12576,279
3816,445
7220,152
4006,166
8392,128
5326,157
13511,338
3072,71
4771,216
8923,314
6151,323
10385,162
13766,278
351,441
10890,195
14671,277
8510,131
10103,337
10336,316
5226,215
12347,342
10591,78
4593,286
12959,306
5202,144
9188,162
6516,397
3871,362
4477,112
12329,154
11068,159
10710,338
7472,465
12981,385
3006,375
14054,246
14525,456
1099,328
10395,408
9428,69
5063,450
7229,465
10142,255
6278,151
12358,343
769,340
11137,405
10313,393
12902,352
10656,319
6151,82
5595,323
9288,332
14296,22
14560,319
8410,454
12579,322
14500,331
13014,405
10354,203
11006,293
5041,287
14243,85
5167,379
13988,408
2230,138
4009,207
2463,226
14073,95
9345,19
10329,168
6679,338
7595,114
12378,387
6494,459
14906,316
12034,104
6728,205
13528,31
10403,307
10389,143
7408,123
4182,138
5024,43
15206,314
6637,321
1104,154
11260,316
12934,210
6633,339
12060,91
9906,39
10259,324
6373,254
2771,386
9129,83
14307,192
5464,310
11428,290
11499,343
13451,187
9892,388
15020,275
5645,364
10656,439
12572,394
9234,462
10664,454
4546,159
10094,452
5149,368
12831,326
15591,312
5510,108
5453,316
5034,424
9103,444
13163,324
7553,82
7090,454
11026,383
12953,314
701,311
5475,262
15298,325
9481,294
11989,403
3088,409
6669,397
14563,402
10058,452
9056,173
13409,391
13511,190
2511,22
5233,218
9440,36
2223,33
1614,312
2400,223
8027,139
9181,303
9956,335
13334,279
15039,64
11417,263
5688,82
11632,282
4002,313
11438,250
842,98
11554,146
2606,374
11074,312
10109,273
11013,75
12677,395
4732,273
9186,286
10344,70
3654,270
13367,156
8285,35
6379,315
11569,313
10224,469
8502,426
15471,322
3543,91
2581,91
4993,156
12427,200
10280,188
14783,315
14720,260
10839,332
13393,311
10934,434
9550,393
815,307
11353,265
11011,352
4659,308
14618,386
5334,188
4891,398
7214,276
5221,255
9058,223
9653,334
2819,456
14301,190
894,260
4009,271
14497,263
14490,266
5088,76
4623,25
10573,191
10576,322
6018,432
9754,33
14985,455
7169,379
14911,254
11819,206
9979,368
6540,455
12782,154
14961,105
9466,214
13364,25
8935,288
9293,318
10887,375
3031,266
6440,409
10719,223
8580,434
15046,439
9444,265
12970,339
11394,339
5412,158
11312,393
767,344
10378,31
12305,85
10392,315
2468,145
14534,284
2103,309
11449,325
6188,347
5059,327
13332,191
10529,11
9369,132
13323,113
6968,144
12223,94
15437,390
3385,314
7694,383
10225,167
10216,326
5833,164
5332,25
9480,441
4173,167
5220,168
345,263
3930,375
11011,194
8392,112
4474,142
13944,127
8697,196
8085,403
10944,114
13912,328
6304,15
9358,385
2475,375
4234,319
10644,126
6665,282
10344,409
5581,296
3609,335
9031,330
2261,268
324,322
7474,153
14477,191
14771,216
10402,261
9549,283
2296,84
9482,441
8463,315
5039,157
899,162
4250,344
12841,312
10139,262
13011,347
4655,251
10462,347
13994,345
13621,322
14061,410
14498,405
4093,447
3571,173
5573,289
14344,395
9059,372
5228,326
13119,393
10532,434
9092,331
12277,143
5454,153
12672,391
13875,177
13384,430
11063,152
9174,431
13813,408
5033,71
9070,21
11566,314
2171,139
13501,136
10474,155
2764,71
9293,444
828,160
11921,343
14323,392
7160,69
12967,310
9039,265
10009,144
7474,138
10644,435
2773,410
10357,275
12829,206
8874,408
4602,322
9182,124
2327,143
9676,442
12034,283
7146,265
5261,277
5022,74
10222,24
10650,348
2169,465
4568,387
1130,125
10083,324
8802,225
10414,338
1620,426
7362,316
10393,409
14455,328
12828,157
10603,330
10016,318
3696,156
11076,198
3311,146
13941,124
10587,408
11441,47
3513,33
10164,276
10231,315
9140,206
9714,278
5219,188
11069,84
4897,271
11140,398
2802,388
14241,364
11216,87
867,396
13171,386
8274,463
10878,282
2603,162
10519,112
10135,457
15341,378
11564,279
2580,344
11155,154
10638,191
7345,166
14002,190
14727,277
4755,448
11437,100
1115,158
11671,130
10593,435
5163,259
13127,83
10333,426
6154,212
10515,459
3529,271
2712,352
10038,321
8461,103
6503,275
13485,88
12867,447
5221,223
10823,337
9238,188
4231,259
6502,285
146,332
1687,145
15094,266
4739,397
1591,326
12125,459
10573,47
14720,218
10391,327
11317,380
3263,75
4219,32
14013,273
11389,375
10390,402
8274,15
5158,234
8504,198
3747,322
13931,471
10012,333
3447,321
4543,75
5010,328
6912,260
8073,84
1983,362
5262,464
4765,36
1552,352
5972,392
10525,70
5208,408
13507,102
3147,68
5197,213
8143,254
14303,326
5651,139
10405,343
421,212
8117,268
12528,326
4181,403
3314,348
2554,154
8164,391
9140,33
14902,273
10827,410
13200,322
5837,254
3449,379
3151,251
11252,386
6550,412
10454,411
8931,288
14301,288
2297,314
1073,249
1546,71
4958,74
1742,205
3246,321
11022,312
13241,387
6442,76
12956,144
5324,215
9165,211
9049,384
7335,96
5579,86
5566,80
5150,195
2764,157
6733,168
1845,94
6482,324
14492,205
12899,51
11353,385
10102,316
10215,225
2587,111
15399,435
13143,296
10466,194
7301,36
6796,187
10150,246
7111,67
12296,407
2287,344
11008,347
10097,347
8379,155
10278,315
10191,325
11457,82
10457,163
10282,453
11978,85
12480,287
15269,143
11318,404
5279,376
10087,111
8898,274
3275,163
9673,351
10585,326
8384,307
3151,396
12758,24
2653,226
11395,272
6298,158
14587,324
11072,139
10018,338
10450,434
13006,321
10156,123
3384,315
12106,414
12766,135
15472,84
2753,211
10279,424
5622,214
11027,264
7921,276
5205,80
10161,436
4672,44
11579,278
830,163
8384,20
6154,265
965,275
4953,279
10352,385
10650,52
4186,219
12347,290
14605,308
10401,265
6819,158
9300,408
14359,168
12358,375
14471,393
8513,47
12418,264
14248,128
1508,222
10560,203
10565,81
4838,194
15046,39
9124,8
10583,283
3512,311
10524,376
2609,453
2530,243
15282,131
947,344
3991,309
8514,342
4540,272
14234,46
11858,199
4610,68
10270,249
5958,441
13265,384
9479,254
5268,152
5341,439
10949,413
5466,343
10085,156
1320,348
10639,467
12614,82
10821,250
14115,166
4439,83
10776,321
889,282
10587,410
9916,438
13011,163
4807,325
6468,388
9279,32
8678,314
11134,162
3074,325
10295,336
5600,214
1623,160
12753,271
10573,431
10267,167
15038,124
10212,374
13791,150
10329,163
6503,310
9120,129
7106,324
10650,306
8946,70
9429,157
8328,212
11038,387
2467,254
13595,25
13335,111
9307,166
1776,273
8387,308
13071,146
4978,160
9101,265
10340,284
5091,135
2518,135
10719,103
2112,19
9721,218
158,223
2467,104
5085,202
9292,146
8448,108
12601,282
5038,32
8319,94
6723,322
10162,375
1856,411
12533,308
4740,275
12167,364
8627,303
1606,282
3691,258
1605,326
14199,154
7105,62
4214,327
5155,326
7786,135
1135,198
839,398
5623,326
12654,32
11063,106
13328,452
8369,152
2964,199
5238,151
11681,376
5267,87
5149,165
8621,277
9902,264
12512,33
6939,322
8209,438
9046,80
3079,415
9118,250
2094,154
3923,322
10683,324
3573,397
6510,140
1007,356
14015,277
11145,282
10314,274
12843,92
10388,344
11072,314
5786,393
2976,320
12164,464
10012,275
5414,443
10031,335
10099,113
3868,82
2279,403
9167,212
6794,39
8873,205
12843,303
6191,380
2103,427
4902,166
10600,151
12707,431
687,99
5128,390
1616,85
9189,319
13198,249
12297,311
2471,424
5448,395
12110,174
14252,371
14798,163
4592,312
5164,22
14961,103
14866,443
5264,462
3510,44
8435,98
14178,315
12906,155
8056,208
10526,402
1548,375
9061,315
11729,224
1798,326
5410,256
9498,35
11364,344
1799,303
11751,348
10407,351
10479,25
9964,68
12692,325
4964,292
13538,388
12556,443
13917,87
11682,122
12995,87
14367,325
10019,323
1984,348
10328,12
10339,85
13748,172
7310,336
3260,79
14193,202
335,288
4240,133
5159,245
4179,181
5026,19
4846,446
7991,148
5267,95
15338,201
13321,286
10029,191
14023,147
2109,319
12842,398
9887,208
10899,191
1310,348
12608,103
10992,322
3260,423
10117,145
12324,271
14367,173
399,106
5030,159
686,83
10588,459
5828,103
10345,49
11553,158
13396,445
11793,81
15002,330
13336,287
5448,439
15583,321
9737,464
8457,156
4473,70
2279,459
13137,396
10713,154
13817,12
9664,411
13631,70
1202,395
4607,63
9097,327
8571,307
3197,287
5236,447
4186,318
14163,326
10697,287
9066,339
1634,85
12361,165
10401,274
10397,339
4362,333
13029,206
14298,198
13531,450
13078,249
5200,394
12243,279
3760,203
6632,395
4379,320
7959,105
12177,333
10594,441
9713,38
12967,322
10843,262
9975,474
5214,348
10086,397
14787,189
12969,202
12028,264
10397,160
5163,139
4916,374
11859,279
5787,25
8859,402
10403,102
14014,79
3440,163
6328,202
3671,381
2760,325
8200,259
14480,86
11557,189
4928,158
12772,52
14707,333
2187,452
9971,177
14141,155
5524,345
6377,279
14283,206
14255,146
8532,325
11613,288
8812,445
10259,144
10453,371
12782,23
5089,310
10525,167
11994,290
4532,455
8437,323
11005,431
11982,292
6355,154
1734,315
9059,284
8559,274
13261,436
8501,131
11320,33
12336,324
13143,424
4240,259
1672,48
10022,146
10580,108
12104,259
14957,158
14004,226
10761,280
14304,236
9827,145
11245,314
10896,405
14972,79
13331,54
14320,316
11549,336
8531,332
4428,102
1988,199
15316,452
14249,309
10887,159
10874,31
5084,346
10769,110
13187,158
3319,315
14476,70
13511,345
15283,289
9431,160
1325,147
12606,260
1304,168
10395,188
12048,345
2541,392
9662,325
8738,164
7213,205
5100,155
11362,387
3982,404
8081,378
9613,315
5199,218
13988,70
6429,198
6846,391
10894,169
14304,219
6486,397
9778,32
2463,346
889,228
10397,251
2638,194
4782,368
3508,414
11199,384
1622,315
4540,152
14912,7
9833,319
13806,34
9842,319
2715,427
10586,316
13025,227
13083,348
279,187
10461,138
13021,324
9354,71
4744,275
9118,348
10339,279
14515,150
10702,114
9002,395
7121,394
14859,68
1307,286
14086,391
10776,434
10573,287
13387,272
10457,354
4889,203
8767,255
11010,463
2096,164
11020,262
9176,244
10394,465
9845,351
575,205
9051,379
7952,336
11982,186
402,81
14173,400
14542,287
4293,311
10215,242
6627,199
7397,143
9336,151
7003,454
11130,404
10591,403
8450,439
8441,465
10161,130
7230,124
4362,145
8870,346
2603,347
9651,83
10224,346
13796,388
10319,456
10910,445
13069,267
10104,108
10266,266
13033,443
5947,170
11335,21
12472,338
5166,319
12480,186
14972,439
14542,8
571,155
7231,376
3512,430
1433,254
14988,27
4222,439
10106,82
1693,144
5815,348
6438,244
2778,312
13752,85
14847,310
7153,103
9607,175
6246,287
11011,413
13287,150
7708,272
14178,403
4458,274
10488,148
10345,289
2588,310
13387,138
6476,35
10402,337
843,216
2355,163
10769,368
9036,330
4659,68
5708,92
11989,75
12282,276
10391,220
6186,345
14111,396
3467,25
7111,411
4599,245
11186,92
2836,168
14973,392
10936,319
13317,164
4234,169
14485,319
1592,88
8380,286
5219,218
10350,16
9014,260
2649,426
9436,196
12826,447
11920,33
7981,82
8496,324
2593,318
11316,414
5592,332
13976,34
2599,381
15280,266
8135,471
11643,264
11570,313
8998,247
1139,316
4846,474
4967,174
3257,280
10413,402
7541,394
14960,394
9840,279
10105,335
10469,144
2285,128
4175,335
8266,310
5479,393
6746,370
10038,70
12217,396
10953,68
10528,22
8577,371
4533,326
7167,429
5355,326
14902,393
7145,447
15595,322
11123,95
5703,169
8086,190
14054,73
13212,313
633,446
5221,133
13085,243
10035,392
9095,325
11435,297
12350,314
12047,280
11307,266
7826,272
7169,324
14416,466
1819,206
8885,192
5224,402
8631,338
8621,201
6428,192
14486,192
10322,325
6600,20
4611,79
5516,460
9107,191
11692,206
1702,270
13503,307
7173,465
2565,391
5399,225
5088,325
12893,82
10337,279
2268,334
687,379
8938,245
10603,26
12149,278
12371,152
1271,442
4415,384
1007,201
8162,457
8429,27
8140,138
15606,322
14918,201
9122,42
6321,78
11005,86
13021,162
1618,103
13171,392
6347,26
4115,354
7242,455
8808,338
2782,84
14010,433
14367,367
8194,327
3133,138
828,252
2608,321
13943,344
13387,310
7533,378
4206,211
13261,378
9840,466
10889,199
15467,402
235,215
5479,328
4838,321
12339,331
4292,279
3746,258
2764,321
2539,87
2569,154
11666,397
9921,189
5647,348
9039,19
9051,339
14424,167
8571,171
6433,339
14301,338
12724,159
4164,275
8455,381
12823,440
9179,393
15060,274
9188,432
6002,146
11178,436
10286,74
9614,227
1846,457
2267,212
13805,37
1120,34
10336,73
2525,352
13322,286
8451,51
11852,165
7359,456
10565,157
6012,318
10406,69
7213,212
8530,390
10590,287
9632,332
9889,453
10084,313
8142,153
10393,223
10594,151
2643,259
5229,331
3512,73
6069,384
2600,73
10169,39
11185,374
4365,345
3691,220
13397,214
13998,85
10154,414
15225,346
11088,271
4525,153
712,445
5260,439
8467,326
5510,196
14899,397
13101,326
3671,392
8431,271
8313,36
3305,275
10577,146
5086,404
8628,113
13447,435
9360,126
8447,429
9902,155
6060,160
10446,434
5217,406
2786,143
15343,114
9185,163
13788,330
9443,266
10035,246
3588,206
9503,381
9372,467
15279,254
5219,245
5362,273
889,250
6555,284
12156,316
12014,267
4905,445
10824,355
9894,327
9051,139
11266,316
6201,152
10910,155
10348,371
13427,332
10602,338
4958,319
2171,368
10589,275
2785,321
8919,158
11306,311
11057,103
7164,423
9118,325
6486,310
1253,163
12010,445
9913,410
7230,354
14077,323
1244,222
15342,122
12883,83
9111,275
8106,445
12274,325
5364,148
11925,466
11262,319
2462,310
8427,390
7597,135
11076,313
7094,273
9998,271
8942,403
8378,310
12829,152
6255,349
12792,337
4898,272
11803,310
14715,162
3995,320
10594,327
10415,34
11205,442
5983,328
1120,315
8074,445
10351,266
15606,156
4372,26
7164,21
8703,454
8380,399
278,340
15095,413
15024,327
10395,111
2601,250
2098,279
6915,368
10008,151
3454,15
9345,459
6611,399
5091,311
393,140
13264,174
12166,411
7408,304
323,284
1678,250
6087,152
9256,87
10404,432
9605,189
13127,395
10528,74
4533,272
6171,446
9152,267
2283,429
14315,404
10888,286
7496,327
10942,292
14331,208
13335,459
4482,355
5020,313
9402,327
10600,327
7958,136
13264,355
7479,471
3068,276
11619,381
8508,136
9466,264
10649,348
13019,312
10590,435
10035,192
11366,348
5201,315
12352,250
11011,242
14863,274
4416,316
12344,334
7248,334
4585,385
13086,316
7084,88
10099,365
10400,370
13768,141
5145,369
6441,226
1185,364
13870,167
10593,447
13017,398
6488,163
13946,170
5636,224
10317,333
14304,348
12675,324
5049,157
11308,319
12841,309
10705,404
10715,322
15028,255
8982,83
14053,189
5458,338
11814,37
13430,272
9602,460
2286,212
5606,87
6560,403
6434,241
3079,255
11140,158
8867,8
5445,439
10139,96
6201,255
7287,413
13639,166
10270,349
7353,163
7160,135
12540,325
13943,185
4173,47
1053,337
13032,154
7113,131
4790,398
4248,348
11441,311
7492,272
4477,138
4790,355
11214,335
11088,207
4211,208
4540,170
2287,302
10387,331
6763,333
2086,201
15317,331
5396,386
9349,95
2570,393
12047,198
10092,103
8687,407
5032,92
12290,243
9130,193
11123,133
3279,386
14371,339
8143,16
14423,205
12759,153
11864,71
6679,421
1324,154
1623,318
10768,304
12886,314
14802,71
568,372
12485,383
10586,146
12235,375
10712,432
12607,24
14314,190
14607,122
12355,193
11200,349
1614,280
14053,311
13533,453
4491,396
6295,274
712,393
8323,284
11180,455
1601,325
8581,72
2647,473
5152,305
5889,354
11086,153
5647,250
10574,69
11678,348
12867,87
5066,328
3693,135
1624,73
9435,284
15401,334
5159,233
10361,451
6447,465
12292,64
860,394
14469,157
11779,214
5033,311
6207,336
10383,327
10099,248
6303,142
13076,326
10525,311
2368,446
10415,444
12841,166
5677,390
5766,291
7470,163
1374,115
4487,158
6429,163
9432,397
9967,10
9904,371
5042,407
14514,210
332,225
10995,275
15036,458
11069,413
10243,206
12970,280
7105,200
209,135
13328,212
2571,392
5474,273
11126,286
9179,348
10602,21
7912,145
6355,326
613,31
14376,80
13871,344
10887,301
5893,260
13104,144
9374,334
7489,445
10655,214
4421,164
10031,316
9934,147
11050,265
3090,202
14239,272
12736,454
10199,444
2726,135
9934,444
14002,460
12104,44
5560,335
4965,348
14181,224
8804,386
5936,12
1556,174
5119,152
6326,266
5921,153
3936,348
5290,319
12646,157
10559,206
2090,327
1847,386
12533,431
10915,31
11122,348
4279,21
11065,255
5197,320
12187,98
1054,39
13268,414
7541,84
2283,54
6492,434
10656,74
9541,105
9616,34
10565,392
6507,347
10410,76
6416,85
10331,376
12529,320
11394,319
7042,376
11687,166
10638,402
10108,387
2303,277
2704,466
11320,445
8333,156
4224,320
10643,255
14067,163
5590,378
13334,189
10383,440
9419,350
12295,315
9063,288
5319,395
7965,319
10756,212
416,397
14065,130
9068,262
13509,169
10295,395
2303,334
6716,274
10324,439
14863,34
9998,207
8397,13
4498,39
1675,310
8751,362
7107,126
2472,92
635,290
10033,378
6759,273
10072,35
15401,144
14610,264
4230,191
12925,453
3129,406
7166,370
14415,394
9805,398
7369,278
4655,467
2282,287
654,394
14402,143
8749,368
10217,344
10654,199
4102,445
10583,190
5958,312
9363,68
13043,392
6985,350
10822,325
12595,410
14363,163
6999,153
3681,439
3671,379
9976,311
14484,228
8993,364
4362,93
11803,85
6178,154
14240,115
12415,127
10573,254
3091,311
12515,454
2664,80
13105,205
10583,301
10286,255
9379,262
5408,310
13384,157
5591,93
9667,68
13957,143
11072,259
9185,307
7011,151
8881,310
5031,190
6257,250
2208,280
5402,104
15291,194
6108,443
5713,157
14292,344
3747,425
15338,277
15403,114
2661,369
10091,54
3447,476
13771,83
6327,216
6392,80
8452,407
4252,387
4967,424
8623,307
11977,394
6452,459
5764,153
11038,91
9460,266
11365,335
10403,171
10394,310
12950,398
10604,157
9436,104
10590,222
9426,347
6413,273
11019,379
8143,256
5278,73
8793,87
2822,337
9198,85
556,145
10390,76
3296,451
15583,157
10640,23
12541,336
12792,194
8916,141
10655,454
3327,136
3286,273
10941,467
11919,223
1433,224
1866,292
7351,74
10377,324
7471,181
11065,223
8329,163
1815,219
9584,323
12589,94
3134,44
6502,310
4842,439
5014,151
5212,283
10666,265
9336,391
8624,86
14292,134
5517,139
4781,262
10459,446
2778,332
1488,283
11134,171
13407,457
11756,200
5040,405
5086,142
11289,266
14175,94
14363,312
13804,466
87,92
6492,436
7472,393
14484,353
8937,128
3279,440
15288,287
10506,320
8630,406
10486,150
13409,271
6490,212
10358,391
8506,156
3203,346
5583,335
14177,412
13141,279
8694,423
8652,390
10033,138
10339,348
4778,434
5398,326
14736,110
9235,166
12287,174
5081,215
12861,267
14565,319
2543,222
642,295
513,172
2276,193
10934,275
3775,328
2230,190
13030,334
12227,104
3286,271
12643,324
11372,315
14008,45
13328,417
14911,127
9596,312
10698,439
10460,300
4744,203
4793,196
4607,127
13272,350
2581,395
5712,323
10006,210
9399,152
6791,195
12475,427
744,380
8569,73
4526,207
8739,154
13580,190
9056,7
1801,173
14383,99
6205,273
10947,166
5202,316
10587,68
7660,146
6125,112
2543,332
12500,150
10105,215
9466,397
9867,265
9235,163
10383,38
816,223
6668,282
11512,445
12654,364
4955,316
9828,205
2471,296
2908,206
1138,408
9245,284
5389,145
9120,139
1310,259
637,154
10163,212
12341,323
1599,277
14009,223
10529,156
13466,455
1443,311
13211,429
11420,402
11400,327
9193,398
4971,350
8711,325
2103,345
4599,411
13526,214
1882,273
13895,379
9483,124
12412,100
11817,207
2530,241
699,392
11011,132
10094,468
3158,380
13126,337
12969,316
6501,318
9064,322
6698,141
10870,327
11126,352
14479,198
12036,433
8134,191
5988,388
13342,320
2227,206
12396,196
4306,323
626,27
9350,314
5218,195
9970,261
15208,439
12843,175
1380,46
11364,134
9968,153
8421,31
12227,374
12049,280
6112,280
1561,196
10398,258
5335,173
3667,455
2292,350
9992,214
11431,291
10604,321
7221,311
6943,141
6666,264
3236,387
11390,320
2517,319
2584,167
5019,313
4908,85
5648,336
11435,272
10594,157
11197,306
10016,160
11119,465
351,157
9165,327
4252,398
10499,95
3202,378
15221,338
13710,93
12774,346
6568,325
9172,152
8921,20
10889,470
13016,429
3060,217
9188,36
7058,155
10114,203
11394,85
13574,3
10162,441
10226,255
1255,315
4708,86
9614,136
5687,217
15591,286
13303,326
9436,195
9157,27
4296,19
4547,69
13476,391
10295,84
7027,83
2950,166
1134,255
15339,392
11521,447
12500,328
2898,214
1007,122
13815,288
14310,310
11351,387
5211,307
13327,361
5348,452
2787,217
3218,323
1259,73
5696,255
4057,189
11004,410
8181,36
5640,260
8635,289
12071,91
14293,331
3642,275
14188,376
13750,153
14915,48
1316,282
8388,44
10009,324
13025,274
5473,397
13330,199
14977,324
7231,64
8809,280
3243,152
1089,456
3203,413
5260,327
6503,217
612,148
9827,214
9851,381
8548,210
14954,265
10903,140
10157,68
7531,286
12943,25
11322,279
10282,25
13352,391
10336,354
4900,266
14554,319
14548,283
9097,151
8944,339
8766,392
9963,319
828,350
13572,325
1776,393
715,397
7034,434
5155,242
10098,72
7969,256
5273,316
9510,327
13029,143
10335,376
13304,84
12102,430
2291,230
14130,452
10394,400
8820,39
9001,345
6000,324
12059,276
5153,363
2568,271
11068,474
8575,337
14251,345
5455,349
1047,153
4176,250
15597,134
5787,93
4539,320
4236,325
2833,196
10161,370
12478,310
13566,325
8014,280
10661,279
9064,412
4250,134
13268,64
10772,319
9173,46
11872,459
13922,338
9055,367
10169,439
12303,146
10698,319
5047,153
11117,393
5583,33
10887,177
13160,391
6695,38
13488,331
3811,308
11009,200
4258,93
10770,307
4065,289
10554,151
2785,326
2218,445
1500,284
6382,375
5205,36
5577,398
6688,74
2104,311
9485,378
5211,413
5958,166
12850,71
13227,25
11509,338
12667,47
11378,279
4603,413
13198,346
13750,325
2148,455
14972,295
7482,156
9243,254
5200,335
14436,194
6269,259
1698,333
2541,277
15035,433
13754,325
5033,364
2591,363
8200,219
2048,153
7164,439
10095,344
12712,338
13388,324
7212,319
10525,306
2504,327
9491,471
7831,312
4249,383
7416,167
8793,83
4541,400
8680,256
6014,128
12595,320
6699,216
1605,223
13617,80
6072,185
14022,88
5201,163
10698,199
4166,440
14364,255
12614,322
12579,456
10017,334
13502,19
15339,192
9174,128
15528,266
11178,434
2049,378
9440,442
4550,430
12053,192
15530,456
6200,318
11138,399
9555,139
2673,276
9651,453
13087,304
12833,203
10966,20
9222,80
824,284
8928,262
4202,332
10581,446
15335,187
4656,466
11380,319
13574,294
14253,277
7466,128
10212,104
8707,316
8885,432
3121,321
8256,255
1005,74
7293,306
820,113
7498,211
6257,378
7172,452
9118,414
12359,372
2407,321
9894,320
7671,320
6561,112
13510,332
6993,201
5165,155
10833,334
7235,196
12244,436
8399,146
2113,256
4974,444
9124,280
10205,322
13093,159
5054,154
10699,289
3334,321
14270,27
10236,338
10526,244
1377,186
1628,374
10048,80
2054,321
6141,35
4946,34
4230,349
14798,322
11116,279
11076,470
13913,334
11504,316
4673,107
10784,214
7471,190
5219,473
10830,215
10152,339
10328,321
4356,374
626,392
10907,24
13186,140
2880,385
14840,79
8925,447
10135,150
4503,386
10379,388
2358,190
6245,196
10584,403
10881,96
12941,202
14290,324
14484,370
15342,356
2640,457
1362,371
8880,287
10345,429
4970,435
8381,258
2436,150
4041,334
9656,278
10147,135
5147,282
8579,283
11441,167
12413,431
2947,276
2163,187
9116,439
10949,144
10457,255
10879,165
14146,325
7104,67
3627,312
4035,268
4617,153
10389,387
7164,295
3218,155
8130,104
5600,264
14121,344
2291,113
3251,403
2466,109
3701,140
13353,388
5598,318
4845,170
13325,166
10633,192
11140,162
11089,138
12990,387
12053,46
4908,393
14298,465
2451,324
2546,395
3503,386
1624,405
10271,312
7158,73
4251,322
688,324
4011,446
10339,130
6168,35
8452,75
11836,330
2227,392
15123,392
8159,382
13304,394
5155,366
12667,322
9908,406
10033,302
14324,265
15344,349
10536,395
13075,391
6679,403
4595,379
10417,320
13816,332
9056,305
11113,275
6172,393
10647,256
8192,384
11383,459
4860,206
3795,206
2105,429
10706,85
2636,335
5269,289
5695,226
9234,376
14376,398
13130,254
10397,274
11133,191
14303,301
5671,388
6552,160
6865,170
14524,204
10037,294
6148,264
11024,83
13044,325
6656,83
4909,404
9721,260
2492,33
4194,402
10645,47
12118,319
8393,144
10401,282
13395,379
3095,325
15044,336
2880,93
9612,279
8386,235
1677,220
8941,398
8230,87
6610,323
4843,429
13945,189
4550,375
11009,431
2540,371
2573,338
8812,205
2713,73
4116,138
6399,393
4472,321
11075,188
15153,286
763,312
10602,148
894,218
10141,37
9180,241
12458,278
14623,36
15137,35
5147,399
10070,391
8485,392
2890,159
14610,445
9168,151
10448,399
9455,210
13798,157
9911,309
6730,314
2624,387
8921,264
2365,459
1184,48
2473,199
8106,266
13350,156
8892,259
5763,285
8372,215
2292,339
158,43
275,392
11552,470
10394,266
2638,163
1259,405
9848,174
5211,376
9440,274
14928,395
14010,156
11242,26
7219,322
8509,62
11175,83
10324,143
705,405
8122,272
12467,170
8197,282
5392,454
8881,262
9725,114
6426,36
5642,428
1254,306
12121,320
6503,81
2529,13
10663,325
6181,346
2349,94
6495,326
7004,446
10023,145
6695,19
13022,332
14354,262
4685,157
3272,397
14432,314
4357,315
13780,392
1331,272
13877,384
10090,426
9804,344
11563,167
8809,346
10823,141
12907,399
10181,387
15001,447
5168,315
9198,393
8928,47
8027,110
271,335
14186,25
15281,350
10548,327
12583,266
14905,163
2536,128
12217,442
1823,328
787,148
6377,312
3138,174
11798,445
8763,287
6671,226
6254,126
9777,254
9112,310
5459,205
12519,338
8159,321
14311,97
5166,21
755,68
8381,438
8517,191
10989,84
6243,375
10204,456
5415,444
13071,212
8631,140
10464,403
9056,249
11064,189
11499,234
1307,192
13394,410
13072,376
5212,261
4988,259
13982,324
13032,324
7117,406
11579,28
10232,27
5815,130
12232,411
12174,454
5153,138
2639,434
10216,86
7286,212
9892,141
2327,270
8152,130
10166,39
11006,283
13501,189
6733,310
2086,277
8388,434
13405,144
10519,366
381,201
39,130
6727,212
11276,325
11817,271
1071,371
6104,151
15456,75
9626,140
10176,397
12963,375
10776,277
9259,154
13071,256
13098,439
2522,287
14430,430
14163,380
10859,30
5390,48
14237,186
12352,130
2229,128
11420,162
12114,319
8495,379
5767,169
14486,325
13190,211
2612,266
6668,43
11439,199
271,114
12553,258
10582,321
10436,453
8862,199
11494,140
638,345
13025,318
5273,256
13272,162
4889,327
8493,394
10104,45
14314,288
3253,134
9122,434
7841,114
10595,321
10087,428
9906,439
14282,445
13015,351
8915,262
3471,325
1846,141
519,413
11383,69
8130,274
10890,283
4982,444
5711,272
14285,338
5720,207
9043,81
8863,264
4100,143
10109,153
3260,399
11083,200
10581,407
15205,383
12409,255
10101,133
3260,97
5198,274
1307,175
15020,203
9560,85
14988,451
14247,320
11081,206
13804,12
13873,114
6808,72
13868,410
705,73
9237,166
14189,82
7554,323
4665,287
12829,215
6432,278
6511,204
6736,324
13769,384
11435,206
10387,433
6729,386
5349,284
6939,82
9487,159
13938,255
10424,267
9617,37
7286,266
472,451
5823,124
10388,134
5604,332
1610,252
3202,100
6668,48
6367,346
13023,326
10585,152
2094,394
1060,439
1322,193
10239,326
9851,285
9203,323
5665,327
10199,274
15079,382
2996,333
15044,142
9188,316
15575,348
7728,164
9609,305
9037,276
11195,434
5698,438
6069,176
12365,103
13084,200
14257,151
10821,228
8429,211
515,374
1676,223
13515,454
10092,404
1905,440
10581,289
10412,334
1617,350
4958,159
8513,392
5464,85
13456,167
3453,82
4683,395
2442,268
2851,316
5709,345
10575,86
5031,283
11394,139
7719,92
3939,290
10953,110
13333,321
9483,92
4087,148
5599,331
9423,98
9419,113
13197,314
3387,104
10497,333
10392,167
9424,51
9415,337
7953,272
3378,26
3499,266
12233,364
7886,314
4285,201
9549,364
5026,350
7229,290
8984,286
9113,318
4619,275
6700,328
13522,132
5293,392
13206,392
11192,315
3142,338
4545,316
316,325
9911,427
8946,282
3060,261
11619,85
4061,311
10991,25
11619,38
2226,223
5514,470
1263,379
11757,80
5218,196
12282,80
14792,192
10269,280
11388,283
12300,348
6490,318
5117,453
8080,122
7943,320
8861,337
15534,466
14292,193
15543,393
3025,262
1255,73
11210,392
12977,324
14440,83
12554,217
4009,394
1838,277
6565,94
7540,378
3632,163
1251,106
5214,174
6182,397
6484,285
9430,315
3507,279
6985,474
9827,93
7194,31
2915,320
12356,71
9584,393
3005,381
586,255
2308,87
12548,83
9712,385
12352,288
10648,372
1471,152
13935,279
5218,282
7597,124
13127,382
9172,76
1314,392
9237,312
3070,400
3255,261
3187,278
12902,367
9943,388
4982,34
14554,439
9140,272
10517,311
12034,195
15527,92
8381,318
11086,325
10813,97
6242,11
2306,217
7943,200
9904,107
13045,154
1130,398
11370,345
5331,380
12965,174
2225,100
11235,440
2291,350
1332,272
7991,30
6135,307
6211,320
8266,386
8641,277
3381,159
13042,442
2536,249
10416,274
11029,93
8383,174
3580,195
11234,140
11178,254
10399,397
2296,370
5311,85
1615,301
11114,452
13078,350
13147,14
10406,429
4863,396
5145,163
11990,288
11504,162
14064,93
2773,346
13514,350
12934,268
1868,36
2591,397
2968,321
4524,322
15032,187
5684,152
2106,424
13738,34
3749,226
3331,155
13430,214
5576,37
9413,152
2771,92
9423,416
11085,264
14216,391
10023,93
11127,283
8552,160
11227,332
8813,404
10217,134
5228,266
13453,435
14298,248
9203,324
9934,394
8459,74
12411,352
15279,190
1627,194
12479,381
389,346
8651,216
8523,320
10094,187
13816,326
12488,404
14560,439
9793,124
3391,384
2595,312
10646,307
14352,21
2791,440
14370,222
339,230
1799,427
9460,333
14590,158
10400,205
9236,453
13597,153
10336,169
6457,27
9738,135
9413,255
1801,408
9023,446
1805,373
1625,372
4549,163
13264,363
2088,214
11055,321
10621,322
3650,145
13287,270
5453,130
5256,87
1322,134
13761,310
14846,292
6190,51
1132,318
4304,153
14293,387
12274,153
7404,397
3995,85
9599,106
7540,323
12702,151
4616,85
14964,402
816,322
11496,247
4060,378
4381,35
9123,473
12403,73
13580,288
10864,84
3243,392
13218,456
10392,311
11994,379
4549,223
4261,385
3242,265
10341,256
10025,264
6549,371
14847,344
5210,146
12667,431
10808,82
5166,399
3813,311
5527,111
10643,350
8694,398
12237,104
10336,405
10222,435
1671,171
3937,114
6442,152
4495,465
8918,203
5015,80
6484,193
2703,251
10723,398
8623,141
4765,442
11566,467
2099,24
12960,249
156,332
10453,107
13023,397
11579,272
2284,74
9612,67
2599,351
1176,135
11365,383
10141,397
5836,326
1549,195
8162,385
9185,172
10039,254
4669,140
4720,350
4655,36
13456,311
10104,348
10352,93
11013,414
9429,386
6860,325
9437,375
637,305
6630,439
4236,279
14515,328
4409,396
9349,278
1317,133
701,416
13367,82
4379,440
1227,332
8270,315
12354,423
7397,383
6507,287
10655,264
6971,398
12358,135
3260,474
5822,348
13984,338
6516,265
3205,223
13364,452
5382,331
6741,273
6377,163
9995,326
7367,444
4667,166
13255,384
10181,331
14964,76
9226,404
461,166
5085,258
8881,349
15168,430
7785,153
12621,325
5349,322
11456,264
6510,104
8449,282
6978,259
8680,205
9182,364
4783,431
1320,397
2026,444
5500,265
11063,203
9119,363
11194,146
3733,397
10012,203
9828,85
1001,393
5041,431
3800,37
12832,394
10899,167
12452,210
9520,268
1560,445
7020,333
11304,439
13822,350
12298,162
86,266
12995,151
4381,443
8998,111
10591,193
6579,332
11272,200
11308,397
13823,106
2584,334
2587,5
12341,211
4904,140
10050,455
9796,111
8443,376
12345,345
10898,407
4277,82
14616,406
10397,406
9110,73
10784,24
12371,392
7323,332
4480,114
12403,405
8343,96
13514,128
11328,141
586,152
13585,457
13044,447
677,392
4530,324
3595,448
13387,392
6744,273
4231,459
8135,403
13338,193
12534,302
3340,325
8928,287
2019,25
6057,432
1315,408
12177,145
2795,86
8394,152
5170,333
10949,466
13368,455
6692,275
14659,322
8019,114
5403,289
4186,259
2110,128
7894,212
639,104
5998,454
14926,154
2911,135
2342,432
12941,276
14616,72
14424,367
5933,21
11012,309
3223,442
12354,97
10486,445
5107,158
12028,399
11863,373
12763,162
9446,35
8859,282
12971,73
13010,264
12291,80
13327,353
4564,265
3067,398
15046,106
4598,322
3627,166
10232,211
4667,292
11800,304
7160,48
11002,316
11009,100
4245,46
763,166
10497,265
12498,333
14464,211
15213,195
5234,442
9907,454
9188,46
9240,326
5080,432
10421,447
4294,33
14549,153
4583,36
11843,200
2521,159
11010,154
7452,385
10943,97
13322,339
13641,312
15458,332
5160,216
10507,158
10084,193
4179,311
13037,162
8513,73
3315,345
5236,31
11868,220
12523,311
8401,393
5722,388
13049,87
11921,135
1178,194
13265,334
14913,278
4113,98
1634,323
5399,244
4179,192
11923,258
2417,286
13927,333
2268,395
10346,446
8083,286
12829,272
4308,167
5200,104
4917,311
15211,403
14155,86
7536,75
5094,311
5289,256
6206,399
6699,26
10894,152
10135,328
9917,319
10574,405
1988,136
9614,467
10559,272
5722,337
9496,16
9489,366
6505,442
8697,250
11064,433
12830,442
10953,128
6130,123
13501,256
7218,108
8498,44
3452,284
6693,20
14937,86
10243,272
2164,178
2365,83
14469,320
5091,310
3092,200
10160,153
5088,172
13497,454
5343,334
5497,265
4051,311
3389,314
8503,67
10536,203
6577,338
8210,397
11093,154
6183,160
14065,378
15280,392
15405,135
2227,246
12542,195
5012,148
8450,423
5012,330
8884,44
5026,325
14327,153
14232,12
15115,98
2083,28
9188,442
13035,276
12236,26
11140,320
6986,398
6181,106
4590,440
9856,325
10161,108
7623,148
9141,324
1503,82
2219,247
12773,231
10591,325
7366,83
5270,350
8445,430
4546,474
6491,158
8070,146
12975,434
10409,442
10768,446
2696,458
4211,270
14190,135
2278,47
7140,446
3671,86
6671,97
14726,170
8078,349
12775,256
10406,433
2692,327
3757,156
13485,328
10589,203
8868,159
8512,293
6630,39
15020,279
9418,286
13767,386
11381,284
2103,51
10273,66
2465,404
11380,169
2813,156
12534,332
14480,392
12411,346
7852,397
10173,155
7945,334
2184,214
639,374
3327,446
7852,278
13081,162
9473,35
4718,405
10216,206
10399,374
7424,141
4112,445
4477,400
6200,433
5562,397
13994,69
12792,141
11579,268
14279,146
12351,403
7789,134
11047,85
13768,337
10560,445
8584,203
11258,374
2722,372
13258,276
9970,381
5958,157
8336,404
13035,158
14247,158
6544,313
10610,268
5219,98
12910,466
5237,324
9607,288
13303,152
9611,170
7773,128
15219,205
11565,206
14975,104
6744,132
6335,32
6491,473
812,407
8140,153
13021,153
9506,333
7183,207
7011,447
13389,296
7726,466
9897,375
11376,85
6416,393
4051,167
5223,220
10898,48
11462,88
5162,275
3612,402
11565,156
15275,230
9905,373
14013,205
2342,352
4476,383
4603,346
8948,264
14972,21
6115,203
12015,148
3688,247
5497,328
10469,164
8990,44
14130,26
9355,315
7774,354
12302,327
2342,310
334,85
2114,46
12147,25
8443,323
7473,350
13967,450
2569,324
2813,322
3728,444
8443,188
11066,249
8459,311
8958,83
2338,467
4038,385
8852,385
14609,74
5049,158
9181,364
7427,142
10910,83
10228,266
9037,394
10882,153
12901,73
1741,283
14490,212
9111,430
5088,244
6544,21
9905,322
5538,334
4889,323
14249,162
12412,324
1601,153
5157,304
10594,397
5876,223
13022,153
9616,203
1697,391
12846,36
4869,327
2204,333
15039,414
9607,51
5028,146
7773,474
14011,458
11913,140
9117,413
1320,310
3447,301
7153,133
13383,224
5583,279
2510,334
10584,319
11499,244
10536,164
11559,66
11120,256
9121,225
12967,473
13131,279
8931,402
9361,303
712,33
6432,115
14296,456
5224,430
10383,151
10353,211
11390,338
9237,99
8029,39
9967,468
12372,213
8435,331
8979,83
4970,6
12600,106
7118,73
10592,402
11135,404
4548,403
10146,371
2947,156
14472,324
14220,153
9906,279
5093,413
3013,282
6128,250
2591,81
9056,264
4557,103
9308,433
5226,374
11843,206
13991,75
13649,264
11665,398
14132,212
9854,134
15290,322
15002,148
11926,458
8509,138
11065,163
2603,315
1704,210
6152,266
5219,233
4832,385
10597,24
10937,72
2784,322
6148,214
8892,459
4294,246
9292,26
13939,354
477,35
2649,304
1843,446
13343,321
12816,274
15594,332
11960,208
3504,304
9168,327
9910,410
4860,345
10830,324
2671,25
9235,312
13456,82
12395,264
10949,73
5042,37
2651,407
12717,185
15241,82
5515,365
3135,125
1549,348
10769,170
5238,327
9992,264
2657,165
10090,345
9006,226
9294,132
3080,302
14306,21
4379,98
9095,393
8925,435
2279,428
9722,279
14598,434
11238,82
6007,399
10079,97
9303,404
13644,446
14536,34
12715,315
2298,14
10589,435
11068,21
14412,443
2476,126
4967,256
14054,433
12857,86
9793,354
4976,470
5709,322
6196,186
14555,8
14772,98
10340,434
6672,255
10459,242
6452,339
6609,279
4311,157
9244,403
8898,204
10399,49
11395,452
2785,215
12010,212
11135,304
4503,272
8631,255
644,399
11306,167
7953,206
10580,320
12826,331
11205,322
5706,72
9605,399
10350,207
5063,328
14289,267
13746,36
2651,284
2687,272
9248,129
10719,276
6324,266
2545,331
12969,162
5513,133
3086,152
4964,306
8624,255
8938,370
8958,275
11854,203
8630,92
9542,185
5025,314
7225,256
14114,162
2784,36
5520,452
13069,452
1681,47
13011,162
9055,153
9237,379
14604,187
3134,186
8140,375
9581,328
7224,471
10523,311
12704,32
15456,255
13317,223
9851,38
13512,280
4593,72
12547,397
12336,332
8187,142
11064,48
11155,323
14672,114
5114,383
11076,42
5044,323
14247,43
10218,386
6918,325
2167,435
10280,386
11375,256
8556,323
11067,69
12947,278
11987,175
3622,307
15296,279
9248,349
12862,443
11051,326
578,458
12891,349
11244,223
5639,435
12730,336
13008,374
8869,231
14111,82
1605,83
10386,266
5155,302
10235,38
5472,255
12527,141
5695,337
15482,140
13317,383
9894,83
14062,85
10949,405
2158,167
6677,244
8096,398
8134,349
12881,157
10085,106
14297,133
4728,284
6627,279
10347,345
5968,383
5464,350
3145,368
15292,374
14812,326
11789,397
12819,268
9118,445
4540,434
9413,223
9068,314
15234,457
9238,86
11076,452
7699,83
13092,316
9118,183
10340,64
4665,413
11356,203
3923,156
12830,404
12058,82
9433,132
9867,213
5464,311
4366,454
9914,424
9714,344
5542,35
9139,388
10026,205
6411,334
1246,75
1251,163
6171,26
9014,20
4436,134
10409,228
11856,467
2768,446
8147,323
12039,392
11072,164
10603,216
13147,374
10589,314
11403,270
3927,312
3370,434
1313,188
10583,338
2708,374
5815,108
4792,325
6474,153
9296,320
12537,288
10080,98
1834,392
6256,153
2830,8
1415,394
10100,350
5215,98
13339,324
3329,112
5378,338
11011,286
4548,249
1615,62
14514,268
13338,285
1803,170
4602,156
9115,286
8263,234
10133,276
2353,100
3579,403
10048,323
14306,244
13083,433
10551,450
5988,338
10882,400
2960,446
13695,236
2908,13
4968,242
11359,382
14786,226
9424,152
3627,286
6258,83
13336,47
4466,153
13036,212
6015,141
5507,398
2207,381
11496,231
11021,286
9319,204
9783,432
4787,308
11444,155
14710,96
10379,90
7387,443
13498,323
685,394
5388,386
14117,159
11246,288
13380,410
5404,306
10352,374
9115,303
10640,444
9117,132
10753,323
8454,69
9407,277
8935,421
6441,429
2527,376
11790,314
13505,159
4214,325
5344,229
12028,214
13085,13
12356,407
11011,392
8932,72
4048,142
5997,37
12267,323
5514,350
12345,169
12460,323
11619,170
1499,312
2416,346
3922,206
12478,172
11241,134
12899,166
12727,403
3556,134
4984,381
2785,272
4299,205
13034,344
10344,393
2781,203
11003,247
10336,366
4476,406
1255,310
12217,36
2830,470
11077,309
6742,476
4902,432
14874,324
6473,324
10114,457
13015,410
4153,334
4152,88
1744,398
15570,278
6447,266
7141,388
7116,44
12063,321
11074,206
10910,275
831,315
8188,457
2536,325
9141,394
1528,87
5041,47
9970,97
12354,303
3776,146
10524,228
13384,288
14379,397
5311,393
9194,383
5029,152
13321,206
12238,344
6132,37
12777,325
8285,443
2692,148
10353,91
2529,355
7115,379
8492,383
1560,393
14294,316
10037,398
1932,86
8189,277
3311,332
12070,88
3066,83
5054,324
2664,273
11005,392
9242,159
10395,245
13073,277
13035,202
10595,157
6726,284
2781,275
8404,26
5218,8
6979,289
9139,38
12373,211
12754,444
5020,157
15216,123
6762,213
12354,399
10524,424
8402,319
5278,315
1054,404
13531,323
13445,465
10581,170
3000,322
2582,324
2823,266
5334,170
8919,38
1973,166
11012,169
8866,288
7035,315
12059,398
12412,300
14306,457
9477,289
12464,466
5519,416
14913,416
13127,336
5616,450
10809,319
9908,72
2584,403
4306,81
10464,169
14283,392
9280,156
12355,427
87,386
11178,344
7952,142
14304,242
10459,166
6370,163
14916,309
12161,82
7969,203
11400,153
12976,283
6321,444
12472,140
9133,214
1605,255
10469,369
13574,174
4747,275
10966,280
7655,303
6493,312
5278,405
10825,153
11443,99
1076,434
10153,249
15336,138
1373,355
774,399
10154,304
13168,323
9319,274
9431,139
11126,349
14363,284
11359,96
13092,162
11860,166
6151,155
7226,434
10531,99
11563,393
8629,431
4498,319
9101,325
5340,47
5135,453
11803,170
13106,153
11317,98
7232,273
7484,374
4593,406
644,79
10562,206
2346,304
5818,212
4231,403
6519,393
5461,289
10198,440
2176,76
10594,321
10109,205
10288,394
11068,457
11559,311
9276,153
10824,123
2788,147
15597,344
13018,71
8585,339
9166,344
8981,339
10335,314
14526,157
1250,255
12346,26
3652,453
5515,350
11743,138
8343,382
3456,48
8450,457
10758,312
8739,324
6130,255
12345,133
4543,86
12002,402
2200,327
5538,214
12840,325
8148,345
5190,211
13201,312
12535,415
3042,394
6619,173
9356,83
10753,447
1736,231
13013,313
9162,339
14786,350
4680,434
1434,247
7271,96
10356,139
14305,393
5208,289
13522,346
5601,327
11178,321
13993,321
8575,344
10010,332
5258,139
14330,331
5225,443
6990,163
14548,393
11046,211
11074,282
8279,96
10602,450
14484,250
14499,397
11455,457
5236,325
10801,325
2227,310
12228,332
12816,204
13167,272
5522,375
6380,462
7587,139
10407,97
13322,350
11235,265
8210,155
8451,285
13385,128
4628,266
4192,398
7991,448
8576,383
8507,432
12839,57
12397,323
6851,276
9719,370
11548,432
2264,322
11249,345
10339,188
6677,350
13684,375
12943,339
12784,470
10078,274
2084,458
5712,275
5170,203
7834,405
3203,132
5712,214
10017,144
1444,266
4185,289
10090,133
7329,443
4055,412
3746,425
6505,47
8224,81
1508,462
9504,214
14490,162
11568,323
8243,25
8694,123
2723,349
6388,404
5086,431
13336,321
14899,398
13744,466
14306,279
8681,432
10380,442
10889,248
6510,374
5013,325
14866,323
4169,394
14541,229
6473,394
4544,130
5998,203
12338,27
1132,160
4982,273
9892,90
11098,330
1429,315
8582,286
14086,87
10076,214
9631,328
9173,432
13033,91
5963,32
13873,283
7285,315
14959,157
9900,466
8915,90
3111,28
3060,330
9484,378
5836,392
5398,86
10929,321
3567,374
12421,349
10400,242
10409,158
11255,321
1069,349
14792,406
12163,406
6322,452
3203,126
11017,309
5460,304
7503,330
2215,385
7274,134
12503,28
9424,393
12534,386
11005,165
3995,310
12528,457
10407,203
14861,349
13560,321
12391,323
10269,400
5766,304
8643,214
10771,429
1247,305
6091,23
5727,208
10224,430
10579,303
7151,315
4111,255
2297,215
7157,313
10646,242
5524,426
8647,398
11003,231
11422,80
14725,228
10587,170
2277,372
6798,244
7417,445
4302,123
3327,174
12608,375
7894,445
10580,370
13139,312
4844,307
14119,354
5165,432
2410,332
13272,430
8507,232
13085,465
12646,321
12834,205
1776,153
13424,450
10424,91
12542,71
13509,309
12922,148
3750,407
9292,452
13028,165
6118,462
12110,304
10094,307
7783,166
1582,331
13258,71
7425,277
5039,280
13682,86
15123,86
3080,92
8385,134
10444,203
11011,346
3081,47
13317,86
11886,444
12481,138
10611,448
8907,328
4668,174
6174,36
6379,166
10581,38
9426,131
4538,452
11359,321
5473,37
10338,398
5155,305
5576,321
5787,145
3818,52
10582,406
7940,140
12906,323
4727,140
3629,100
9418,339
8559,204
10576,32
5033,170
11317,429
2835,354
4771,273
8556,155
14976,345
3183,25
12358,430
12791,266
10403,413
10934,203
5159,411
8926,400
10775,228
13094,37
13531,28
9385,276
7185,325
11369,86
2644,339
3512,246
3562,350
14175,312
10520,426
10567,205
13150,316
5335,305
4093,31
6495,152
13350,35
9542,315
6741,205
5043,431
5833,134
4957,381
15413,140
6202,45
7623,30
10448,319
4468,23
10887,303
8915,148
9121,188
4557,375
14004,139
6678,432
8458,313
15021,266
2589,204
4370,255
8942,309
13029,309
7297,400
13415,86
5192,331
5895,370
8258,316
8266,145
9723,309
8387,313
6429,280
270,349
6468,90
11460,453
14795,303
13353,330
12838,319
11992,307
12784,402
9266,205
10387,96
9908,100
10413,75
7300,266
6677,470
10161,316
6880,24
8205,235
13047,332
10024,378
6745,231
9661,346
5031,303
2844,310
8866,382
4668,376
11069,86
6920,304
10833,346
10572,444
9431,428
9544,231
2342,350
12101,309
1184,244
10630,97
14629,323
9178,164
7536,349
5262,93
5085,460
14554,159
8456,73
9128,316
12960,214
2747,87
9892,458
10631,332
10101,345
14979,367
7168,133
2105,226
6763,145
1430,86
9827,25
10105,255
13776,383
1632,324
11675,50
11289,212
10337,123
11074,170
13700,199
11926,247
13200,156
10337,319
10094,309
9654,457
11184,344
12047,344
1333,324
10048,158
9070,313
1363,345
5197,86
5035,303
5168,164
9359,349
11178,134
12965,52
12287,446
341,46
9307,429
3930,73
2350,355
1308,164
10034,363
9308,316
13074,251
4422,315
4519,331
2110,350
11363,80
13514,312
12785,249
10330,316
6010,304
3595,30
8977,157
13010,76
11272,278
11838,146
8870,132
11559,303
6486,316
7773,364
12548,31
6190,427
13270,139
10400,130
10465,165
576,124
12478,306
10411,347
272,122
11356,457
15216,355
11007,351
10603,452
6130,170
6171,266
5573,169
2108,305
5952,325
8327,424
10874,331
13879,351
1798,182
141,157
12167,177
7230,458
1382,252
5275,130
6929,346
3080,325
6200,45
9449,90
12396,323
15304,151
2897,185
9237,315
8383,304
13996,138
2492,273
15536,164
5829,346
15284,169
11301,383
10896,169
11192,152
6372,159
12709,344
12772,172
7680,332
13069,26
9244,315
3267,140
13017,158
5773,81
302,267
11058,264
8685,346
14330,91
4516,330
14103,274
11563,170
14667,134
6491,351
10455,245
14347,144
3995,170
12059,156
5528,313
10571,431
12373,31
2718,325
5021,272
10997,153
10157,295
2942,87
13147,344
9132,380
10417,159
5279,74
996,386
9847,169
2523,165
5157,375
1294,316
12528,152
14985,323
5046,325
5516,308
9259,324
1303,48
8868,319
6488,315
1866,426
9626,458
13027,233
7623,448
5382,276
4338,325
11015,245
10881,382
3384,332
14128,346
5641,346
10719,375
17,134
12802,444
12532,250
12959,172
2288,280
14846,383
15039,164
11856,164
7785,325
10202,158
10110,79
5464,246
14367,305
11131,188
8056,270
9479,134
5268,446
3267,188
10084,163
2405,315
12174,163
12225,306
9913,170
9486,250
1027,324
12347,188
14673,170
9602,318
6677,128
6033,328
10422,331
3940,159
7239,384
2040,475
13352,153
11864,182
10385,316
13689,346
12359,381
12854,153
10080,380
4704,275
1335,146
9905,315
12936,88
13511,51
11643,145
10827,170
6488,170
12039,318
4727,375
13992,163
10271,346
14479,307
10385,331
12412,378
5529,313
10010,146
9433,346
8450,39
10647,174
1632,154
14503,158
3255,381
8685,146
10650,172
13013,277
6448,276
9998,28
9943,148
10145,432
9012,278
10339,428
8321,306
12524,276
8446,312
7163,427
12846,86
3382,411
13748,426
13994,426
8435,278
15454,309
10094,446
4258,275
9152,27
12774,332
5701,169
12833,275
14933,385
5031,375
8148,48
5876,375
5080,39
7833,226
5452,277
10459,375
12669,323
7503,148
6168,155
11509,380
7920,383
14799,277
5527,428
1114,147
13400,332
13438,76
14683,154
12121,158
1550,385
5522,345
8869,250
8060,323
11309,378
13954,323
7623,330
14424,426
4790,80
3314,378
6331,158
9137,158
14139,380
9404,385
6689,447
1866,172
14015,336
13755,410
11619,310
2638,315
11335,457
9128,154
15467,76
5599,147
8637,382
13511,309
10353,452
5089,306
12019,30
6983,177
10341,144
13388,154
10085,165
3241,31
10775,250
10389,155
13088,25
9867,32
13127,154
15348,155
2674,330
6927,407
12485,406
6927,251
14710,382
6707,328
3025,384
9305,319
12042,426
13336,157
8559,251
11460,332
11356,385
12820,380
9606,332
6275,275
1428,25
12291,228
146,146
11307,403
2465,412
5701,226
2261,330
4220,139
5027,76
8629,47
2755,454
11385,156
702,411
6370,315
4108,280
10409,80
1615,319
5094,306
10582,174
707,231
12306,279
9236,25
1284,91
7161,280
5505,331
6378,25
9055,305
4611,231
11071,429
4033,453
2292,280
2599,410
2953,280
8629,279
7518,80
1603,458
10106,45
12788,314
12767,384
6675,92
1616,26
8574,168
15001,31
3632,186
11021,406
11356,25
8291,332
3573,81
10456,318
3275,331
2398,310
11943,381
13575,309
8427,88
7459,276
5747,446
3502,385
12830,74
11235,158
1381,159
10846,319
9976,425
4266,90
6923,308
11799,309
5150,185
13151,226
10572,157
10224,48
13204,332
15211,75
10462,173
6821,87
12776,307
12523,47
8442,26
13996,74
10397,318
13513,425
7715,308
4546,381
10581,32
10959,227
14440,74
12640,453
3079,177
14977,305
5523,429
11210,86
11044,91
13323,230
11068,183
6307,429
7645,49
12407,171
14073,383
13266,380
7177,455
11676,171
10946,174
13557,384
12640,25
8444,470
13383,307
6201,381
1349,27
12036,45
2138,87
10041,309
13315,380
8111,330
9557,46
11111,332
5640,231
9854,25
12345,309
4474,310
11387,75
5937,81
12427,278
13272,46
4604,185
7544,332
12311,381
9237,163
1289,31
2473,75
12651,429
359,91
10087,188
5468,467
4741,458
647,381
9905,163
4699,447
10337,188
12846,309
13141,75
3095,75
715,81
10548,30
5011,332
11093,274
13509,429
10117,328
11438,228
6231,328
10218,332
7969,429
10646,423
2599,308
2086,31
14366,305
6841,275
5209,78
12963,44
14083,275
5199,81
14979,188
8407,328
12967,163
8105,331
14386,330
9310,15
2949,166
11120,445
12785,229
11982,163
11455,381
6753,381
14843,379
7043,307
14386,90
4055,307
9390,331
6621,364
709,163
1931,396
14012,80
8939,92
5027,308
3949,80
10099,230
12167,301
2443,86
11348,90
9966,80
2468,231
6558,229
6485,331
8443,275
13331,276
9118,228
9383,328
6348,273
10032,228
9913,226
12529,332
9173,76
5049,81
4823,328
6126,69
12047,288
10380,83
11867,322
5217,274
13307,158
8984,39

fold along x=7807
fold along y=239
fold along x=3903
fold along x=1951
fold along x=975
fold along y=119
fold along y=59
fold along x=487
fold along x=243
fold along y=29
fold along x=121
fold along x=60
